score: 0.048060162631777606
Duration: 44.09640598297119
timestamps: [16.494306564331055, 21.731534957885742, 27.14448857307434, 33.39715003967285, 40.87184119224548, 44.09640598297119]
nauc_scores: [0.042310783269837726, 0.021116516324424905, 0.04578931381242235, 0.005140526924240385, 0.008156301277059796, 0.05547866740158924]
accuracy: [0.05004231953986782, 0.0499908196261826, 0.05004641294206112, 0.04991486645612439, 0.04978109609648498, 0.05003068185882242]
nauc_var: 0.00035197149433199414
alc_mean: 0.047422033995119316
alc_var: 0.00014375680788371588
nauc_mean: 0.059488011909509385
alc_std: 0.011989862713297259
nauc_std: 0.01876090334530814
