score: 0.9586811659030977
Duration: 673.9930663108826
timestamps: [6.328267574310303, 17.370402336120605, 54.981722831726074, 97.02219676971436, 149.57571458816528, 221.1629400253296, 325.46453952789307, 467.39967942237854, 673.9930663108826]
nauc_scores: [0.961607630199006, 0.9752667490309814, 0.9914524391247208, 0.9945373463450093, 0.9957498716015678, 0.9962303173843974, 0.9967888125484243, 0.9972776206474829, 0.997726507622287]
accuracy: [0.560001885844847, 0.5518379083558107, 0.7596509950122202, 0.8431033329068652, 0.8796445518955943, 0.8939120908780406, 0.9095681928474187, 0.9238930345736612, 0.9371178360777801]
nauc_std: 0.0001581303570576518
nauc_var: 2.5005209823180448e-08
alc_std: 0.00017531283442122177
alc_mean: 0.9584981624674753
nauc_mean: 0.9977232456767824
alc_var: 3.073458991280272e-08
