score: 0.644664483646316
Duration: 663.1363482475281
timestamps: [14.21658968925476, 17.34206509590149, 24.502489805221558, 30.68848752975464, 39.25520634651184, 50.53473472595215, 64.04898643493652, 78.99718236923218, 95.12453818321228, 113.64989614486694, 134.66931772232056, 158.0338339805603, 185.8983917236328, 213.03616499900818, 239.11291193962097, 292.25264286994934, 343.7245810031891, 396.02003622055054, 449.1040542125702, 502.05797290802, 545.9194536209106, 577.381388425827, 611.1392385959625, 663.1363482475281]
nauc_scores: [0.005751148499243852, 0.0017393985549190027, 0.0055125425681119555, 0.043900984100494034, 0.2192189770189732, 0.41549398309549623, 0.5754703521325719, 0.6670336801741403, 0.720072767889604, 0.7519248518119876, 0.772651287018725, 0.7970379024464205, 0.8226224982274197, 0.83815216431505, 0.8485662851269389, 0.8505770438406501, 0.8505056802344622, 0.8505056802344622, 0.8505056802344622, 0.8505056802344622, 0.8576559769154293, 0.8648471128887585, 0.8675155638053256, 0.8675155638053256]
accuracy: [0.04993395620075927, 0.04920278733523004, 0.050545628039153974, 0.05427336968198549, 0.07072771270464327, 0.12625061407741964, 0.11951412254730548, 0.1661530296721668, 0.20718017688649876, 0.24758371328355602, 0.27756570706889566, 0.31151996994740716, 0.35982752761403136, 0.407672588613026, 0.44795686596088446, 0.4627403192104696, 0.47204769530100765, 0.47204769530100765, 0.47204769530100765, 0.47204769530100765, 0.4832829879375209, 0.5030075297824773, 0.5319353449456179, 0.5319353449456179]
alc_var: 3.196592880289562e-05
nauc_mean: 0.8676185174085811
nauc_var: 6.735185760761523e-05
alc_mean: 0.648347531464472
nauc_std: 0.008206817751577966
alc_std: 0.0056538419506469775
