score: 0.5230668592602429
Duration: 890.5169970989227
timestamps: [31.18045163154602, 56.82804322242737, 83.0433201789856, 108.9537661075592, 137.93350172042847, 167.41024589538574, 200.66625261306763, 243.3627188205719, 305.16067457199097, 405.9494023323059, 581.5086114406586, 890.5169970989227]
nauc_scores: [0.012376533094567543, 0.018203372589248534, 0.03254541075023787, 0.06989088915124109, 0.16170004792954384, 0.358471572167417, 0.6742950751438592, 0.922020749062753, 0.9805629997273253, 0.989570887106292, 0.9916583494938032, 0.9910212023146534]
accuracy: [0.003998044040069359, 0.004066654498007803, 0.004266948516726125, 0.004995703670900437, 0.01144557341994745, 0.03793646787184248, 0.07992417443479076, 0.19472552839951138, 0.47005367923489916, 0.6817810920751355, 0.7573054052557516, 0.7887247392741031]
nauc_mean: 0.9908523890523628
alc_var: 7.684252475782273e-06
nauc_std: 0.0009322159902629504
alc_mean: 0.5223424029525294
nauc_var: 8.690266525019333e-07
alc_std: 0.002772048425944661
