score: 0.5644414235359188
Duration: 1174.5658864974976
timestamps: [27.091543197631836, 42.407838344573975, 82.43821287155151, 159.53286719322205, 182.5144453048706, 207.50555157661438, 235.73120737075806, 253.55331945419312, 273.7141053676605, 398.70604062080383, 464.39973306655884, 532.2801268100739, 577.8388390541077, 606.1930756568909, 683.8013136386871, 710.5921928882599, 797.4293835163116, 880.2303125858307, 922.443489074707, 975.8704791069031, 1018.2352085113525, 1070.5164995193481, 1122.988611459732, 1174.5658864974976]
nauc_scores: [0.45613621151395467, 0.546698125171482, 0.5527535977268343, 0.6804311204011371, 0.6941167704135445, 0.7028589870497106, 0.7028589870497106, 0.7028589870497106, 0.7028589870497106, 0.7028589870497106, 0.7028589870497106, 0.7028589870497106, 0.7028589870497106, 0.7028589870497106, 0.7028589870497106, 0.7028589870497106, 0.7028589870497106, 0.7028589870497106, 0.7028589870497106, 0.7028589870497106, 0.7028589870497106, 0.7028589870497106, 0.7028589870497106, 0.7028589870497106]
nauc_var: 7.4858731077552185e-06
nauc_mean: 0.7017746758139441
alc_std: 0.0014547759224137421
nauc_std: 0.002736032365991897
alc_mean: 0.5652088632506576
alc_var: 2.1163729844347545e-06
