score: 0.6635220859334823
Duration: 65.3381507396698
timestamps: [47.29760479927063, 57.55553913116455, 58.885037660598755, 60.12606620788574, 61.447113275527954, 62.73590159416199, 63.983134746551514, 65.3381507396698]
nauc_scores: [0.8200950474594215, 0.8200950474594215, 0.8200950474594215, 0.8200950474594215, 0.8200950474594215, 0.8200950474594215, 0.8200950474594215, 0.8200950474594215]
accuracy: [0.9705748750089915, 0.9705748750089915, 0.9705748750089915, 0.9705748750089915, 0.9705748750089915, 0.9705748750089915, 0.9705748750089915, 0.9705748750089915]
nauc_std: 0.03411811935725669
alc_std: 0.02087700962644074
nauc_var: 0.0011640460684760137
nauc_mean: 0.8031998177430687
alc_mean: 0.6761402630000568
alc_var: 0.00043584953094249936
