score: 0.4722543866302239
Duration: 1008.3026959896088
timestamps: [29.815380096435547, 38.60393309593201, 52.96475839614868, 70.89352488517761, 79.39581727981567, 261.31289553642273, 396.27842378616333, 516.9802072048187, 637.3636717796326, 767.932291507721, 889.4126138687134, 1008.3026959896088]
nauc_scores: [0.3263978587340066, 0.504405339928532, 0.5570362208138526, 0.5660938903712287, 0.5712973343537289, 0.5319546904489851, 0.5479984001640397, 0.522230081952628, 0.5606134679129455, 0.5671628306999577, 0.5510818368255181, 0.5510818368255181]
nauc_var: 0.0012160173629643862
alc_mean: 0.4817066257663405
alc_var: 0.00010304438310236802
nauc_std: 0.03487144050601274
nauc_mean: 0.546856211820179
alc_std: 0.010151077928100445
