score: 0.649869585816842
Duration: 600.8751680850983
timestamps: [5.4763503074646, 7.056455612182617, 11.297430515289307, 16.54632043838501, 27.427356243133545, 37.47615838050842, 50.083842039108276, 163.8958785533905, 179.98604273796082, 375.67420721054077, 600.8751680850983]
nauc_scores: [0.4439409290513294, 0.5448046816449557, 0.6472614339466647, 0.7632600125603581, 0.8090956303601857, 0.749528969608052, 0.7409908204116125, 0.6721405699485576, 0.6224640237817132, 0.6871460967895546, 0.5853400565729814]
alc_var: 0.0021898996171071743
alc_std: 0.04679636328933237
nauc_mean: 0.5347129286659869
nauc_std: 0.16487034446787627
nauc_var: 0.027182230484956178
alc_mean: 0.6641089962262704
