score: 0.7455747255235661
Duration: 293.3523676395416
timestamps: [12.678339958190918, 16.377506732940674, 21.006842613220215, 28.91940140724182, 36.826819896698, 48.94249725341797, 63.25166916847229, 77.60341000556946, 92.18201398849487, 111.50409865379333, 133.98467636108398, 155.76501274108887, 214.7504439353943, 288.87195014953613, 293.3523676395416]
nauc_scores: [0.1904256543736731, 0.565706991757984, 0.6216205239466135, 0.6597812589097023, 0.6648494077580884, 0.7715860073761991, 0.7987670370843261, 0.8148161138148009, 0.8291903005716252, 0.8320929672094346, 0.8374246665961826, 0.83759199917194, 0.8386084422396212, 0.8389540804188151, 0.8378603876942503]
accuracy: [0.02578027951200742, 0.04425059460211568, 0.05247308222251658, 0.09389027967574323, 0.09258536435586805, 0.12161884606968823, 0.15050129416088442, 0.16814492013776025, 0.18071987446736856, 0.1933665751127707, 0.19669261172881686, 0.19948386895568235, 0.19683993326754445, 0.19852125018263908, 0.20011294134691415]
alc_std: 0.0026095470461179977
nauc_mean: 0.8350345420971766
alc_var: 6.809735785903168e-06
nauc_var: 8.459490385738256e-06
nauc_std: 0.002908520308634316
alc_mean: 0.7455813154219131
