score: 0.5318920534486149
Duration: 336.8867356777191
timestamps: [91.50311088562012, 97.96008491516113, 104.49140501022339, 110.89588356018066, 111.92588305473328, 118.19764828681946, 119.20432233810425, 125.49042081832886, 131.80641865730286, 176.4369285106659, 178.6126732826233, 202.69744205474854, 204.7575273513794, 234.2401180267334, 236.5793194770813, 268.45615339279175, 270.649756193161, 301.25069975852966, 303.09553360939026, 336.8867356777191]
nauc_scores: [0.4257023301664411, 0.4756639612901603, 0.5312685988836792, 0.5790437595331186, 0.5790437595331186, 0.6630788113653865, 0.6630788113653865, 0.6992839225080454, 0.7141657251960836, 0.7341548621307767, 0.7341548621307767, 0.7521482954022929, 0.7521482954022929, 0.7733969668800045, 0.7733969668800045, 0.7892805549575441, 0.7892805549575441, 0.7966249221113157, 0.7966249221113157, 0.8142533522356585]
