score: 0.19008570667948155
Duration: 597.3881123065948
timestamps: [15.24658465385437, 18.440064668655396, 33.1955349445343, 45.75382661819458, 59.388402223587036, 73.55091714859009, 88.24396133422852, 121.10998272895813, 153.2395920753479, 192.06644701957703, 200.0352761745453, 210.92145943641663, 227.68953323364258, 262.57657837867737, 296.4249277114868, 310.96929383277893, 350.0016531944275, 368.4065959453583, 390.4801506996155, 413.17232751846313, 448.9098045825958, 485.1196098327637, 523.3318092823029, 560.7645168304443, 597.3881123065948]
nauc_scores: [0.05836175029462942, 0.10673293352286262, 0.10936093616686526, 0.15982974197935085, 0.1636968760925699, 0.1636968760925699, 0.1636968760925699, 0.1636968760925699, 0.1636968760925699, 0.1636968760925699, 0.23561745719016836, 0.2643530310154223, 0.29147402645281595, 0.2931847267322738, 0.289062270138019, 0.28235575389643053, 0.26765436178743607, 0.2710272339543569, 0.26538130052492326, 0.24746762911356135, 0.24100285933195797, 0.23429126835690495, 0.23429126835690495, 0.23429126835690495, 0.23429126835690495]
accuracy: [0.07037956579192892, 0.08831521328143566, 0.08343988097322688, 0.09300787101358444, 0.09783669205392051, 0.09783669205392051, 0.09783669205392051, 0.09783669205392051, 0.09783669205392051, 0.09783669205392051, 0.10149068282510137, 0.11078627413559086, 0.11653781987159544, 0.11552130686319373, 0.11598676956934559, 0.11780384196521833, 0.11962091238802576, 0.1185651397075557, 0.116385734025877, 0.11444203400027404, 0.11456537959461358, 0.11480108363012748, 0.11480108363012748, 0.11480108363012748, 0.11480108363012748]
nauc_mean: 0.23701678708181909
nauc_var: 0.0002491525859900729
alc_var: 9.595524490219127e-05
nauc_std: 0.015784567969699802
alc_std: 0.009795674805861578
alc_mean: 0.17356555821829986
