score: 0.6113891092959151
Duration: 192.77503418922424
timestamps: [77.62584972381592, 101.17976641654968, 123.87874412536621, 146.46986627578735, 169.70611143112183, 192.77503418922424]
nauc_scores: [0.24038308698231092, 0.8324841311360018, 0.8835333012996507, 0.8900583853005022, 0.890930873504348, 0.890930873504348]
accuracy: [0.1125388086389236, 0.3819705309721936, 0.509556839671892, 0.5076201537356421, 0.48784948235611303, 0.48784948235611303]
alc_std: 0.0009401611559807365
nauc_mean: 0.8910014999957664
nauc_var: 2.1646938720767746e-06
nauc_std: 0.001471289866775672
alc_var: 8.839029992150348e-07
alc_mean: 0.6110241628170152
