score: 0.9883154767024516
Duration: 1198.344987154007
timestamps: [1.393542766571045, 3.777628183364868, 7.466531038284302, 12.36343789100647, 18.71186113357544, 28.031432390213013, 81.87128734588623, 141.45658612251282, 358.0684747695923, 527.2194020748138, 629.3662750720978, 1007.2055058479309, 1064.1895914077759, 1080.501027584076, 1084.5916719436646, 1089.1061472892761, 1093.6601791381836, 1098.4621560573578, 1103.0679774284363, 1107.7120034694672, 1112.444896697998, 1117.8852050304413, 1122.5989487171173, 1126.9957783222198, 1131.1239459514618, 1135.2462232112885, 1139.3412783145905, 1143.8018453121185, 1148.1219458580017, 1152.1631186008453, 1156.1823897361755, 1160.2320246696472, 1164.2605383396149, 1168.4075589179993, 1172.9768545627594, 1177.144829750061, 1181.7375411987305, 1185.9153454303741, 1190.0548377037048, 1194.220582485199, 1198.344987154007]
nauc_scores: [0.8743232938292604, 0.9448384943459989, 0.9802274607762627, 0.9896944666986773, 0.9943687841555053, 0.9970908190804597, 0.9996405836491253, 0.9997465616696446, 0.9998823028853654, 0.9998701700026114, 0.999870089558021, 0.9998251225922856, 0.9998250439045404, 0.9998016826038683, 0.9998016826038683, 0.9998058331691901, 0.9998563910762903, 0.9998563910762903, 0.9998563910762903, 0.9998563910762903, 0.9998563910762903, 0.9998557433806563, 0.9998557433806563, 0.9998557433806563, 0.9998557433806563, 0.9998557433806563, 0.9998557433806563, 0.9998924763710619, 0.9998924763710619, 0.9998924763710619, 0.9998924763710619, 0.9998924763710619, 0.9998924763710619, 0.9998924763710619, 0.9998922744257457, 0.9998922744257457, 0.9998988707684198, 0.9998988707684198, 0.9998988707684198, 0.9998988707684198, 0.9998988707684198]
accuracy: [0.3779664331998197, 0.551498189811046, 0.657523906354063, 0.7299808605143205, 0.7885614470802121, 0.8301574676579542, 0.9443705021074781, 0.9473281785354323, 0.9764327465111873, 0.9525930163579126, 0.9525739447417612, 0.7970233852228261, 0.7968566459519909, 0.823497113456427, 0.823497113456427, 0.8318580951977027, 0.8290283087949489, 0.8290283087949489, 0.8290283087949489, 0.8290283087949489, 0.8290283087949489, 0.8283968179172325, 0.8283968179172325, 0.8283968179172325, 0.8283968179172325, 0.8283968179172325, 0.8283968179172325, 0.8376176591809211, 0.8376176591809211, 0.8376176591809211, 0.8376176591809211, 0.8376176591809211, 0.8376176591809211, 0.8376176591809211, 0.8363649565489352, 0.8363649565489352, 0.8362043977317225, 0.8362043977317225, 0.8362043977317225, 0.8362043977317225, 0.8362043977317225]
alc_var: 5.8556117428575005e-09
nauc_mean: 0.9998974473697395
nauc_var: 1.422786941503003e-10
alc_std: 7.652196902104324e-05
nauc_std: 1.1928063302577678e-05
alc_mean: 0.9882821005856768
