score: 0.6341543111089988
Duration: 112.60157251358032
timestamps: [68.81255173683167, 70.61487340927124, 76.42493081092834, 109.41794800758362, 110.52678942680359, 111.56121754646301, 112.60157251358032]
nauc_scores: [0.6897489394225964, 0.8317870093183151, 0.8774377225486913, 0.8718996412400701, 0.8723036189950548, 0.8445150006106084, 0.8445150006106084]
accuracy: [0.201573448476301, 0.4875316353926541, 0.6206525532059434, 0.5638676648223538, 0.595830050276634, 0.5834188004248543, 0.5834188004248543]
nauc_std: 0.009510085095908118
alc_mean: 0.6326092962716582
alc_var: 3.127062414042312e-05
nauc_mean: 0.8444147387494114
nauc_var: 9.044171853141373e-05
alc_std: 0.0055920143186890285
