score: 0.9072521937118814
Duration: 138.3669674396515
timestamps: [10.264967918395996, 12.748097658157349, 18.379533767700195, 25.652204751968384, 34.56249761581421, 46.504940032958984, 66.87415552139282, 85.84797191619873, 98.29616260528564, 118.24882054328918, 138.3669674396515]
nauc_scores: [0.4614391788613508, 0.5770942419384624, 0.7397352499836427, 0.9123541229904346, 0.9670956813148293, 0.9467131621682887, 0.9804209075549655, 0.9801854408990518, 0.9540686855700886, 0.9839946702934661, 0.9904336138846197]
accuracy: [0.14834653122734817, 0.231760716541485, 0.3146494404977846, 0.42391175537605336, 0.5522259536530667, 0.47327023124438783, 0.6487471252381684, 0.634340173164399, 0.5482718665729401, 0.7026215791941239, 0.7565005543144252]
nauc_std: 0.0003649804062721626
alc_std: 0.00026795243672812807
alc_mean: 0.9073784408431911
nauc_mean: 0.9905152238407166
nauc_var: 1.3321069696259285e-07
alc_var: 7.179850834854148e-08
