score: 0.7837399715409972
Duration: 360.2723729610443
timestamps: [16.035470962524414, 21.966506958007812, 35.41887164115906, 49.07770299911499, 66.03014063835144, 85.78178668022156, 111.79397511482239, 140.18656063079834, 170.60788583755493, 205.44970083236694, 239.72601222991943, 276.9815537929535, 317.0655038356781, 360.2723729610443]
nauc_scores: [0.09235192628922784, 0.19775114084618806, 0.46148478144278005, 0.6516738210299109, 0.7455230669701982, 0.8739550280960064, 0.92144078490134, 0.9462393868995325, 0.951703825158404, 0.9665139878060174, 0.9761720373335334, 0.9825875665203054, 0.982564566125647, 0.9870371045407214]
accuracy: [0.004239317593469142, 0.005872909388386494, 0.00690504018095449, 0.01059238195495025, 0.0234127158188215, 0.03151919144194288, 0.06644377090610876, 0.10446563906331585, 0.12494738117547977, 0.1695026593385748, 0.22264937012005248, 0.25761686341427803, 0.2784664933558274, 0.3200316027583695]
alc_var: 1.4710360145740152e-07
nauc_std: 0.0004284971974361617
nauc_mean: 0.9871075919526406
nauc_var: 1.8360984821064496e-07
alc_mean: 0.7837453246806417
alc_std: 0.0003835408732552523
