score: -0.02372176051028718
Duration: 31.793662071228027
timestamps: [17.230347871780396, 26.314440488815308, 31.793662071228027]
nauc_scores: [-0.008092189260493154, 0.0017646851103905181, -0.027270456702165546]
accuracy: [0.019990465157777505, 0.019999289410952314, 0.019987123265525104]
nauc_mean: -0.026270104664876136
nauc_std: 0.017039303507216313
alc_mean: -0.030527736243648886
nauc_var: 0.0002903378640110341
alc_std: 0.01185216165748457
alc_var: 0.0001404737359551474
