score: 0.22557545015295483
Duration: 654.9400844573975
timestamps: [38.36146330833435, 38.69543266296387, 40.54971981048584, 45.08090853691101, 83.51324486732483, 94.00617575645447, 107.46491575241089, 120.03362560272217, 524.2323942184448, 544.3225138187408, 567.5021638870239, 654.9400844573975]
nauc_scores: [0.18888756807571871, 0.23265400104787415, 0.3339535764496271, 0.3145122693042228, 0.32892251516481963, 0.315704461039515, 0.2570703976800506, 0.22464859774903445, 0.27485612001102067, 0.3171313313058286, 0.324836036064863, 0.3048178172623819]
accuracy: [0.2838220773402676, 0.3572567843851071, 0.33751510035775595, 0.41962995228053795, 0.4631895900648874, 0.474861075175486, 0.42818711942097804, 0.5000325974602183, 0.5161715499237991, 0.5390651736248332, 0.521505291966029, 0.5208166933263656]
nauc_var: 0.0010598511985523945
alc_mean: 0.2159765218821239
nauc_mean: 0.3189459185019994
alc_std: 0.01759034817623541
nauc_std: 0.032555355911929366
alc_var: 0.00030942034896118837
