score: 0.4831909611829127
Duration: 1014.0959675312042
timestamps: [8.273410320281982, 11.244089365005493, 16.823898792266846, 24.288806438446045, 33.66751456260681, 45.36237692832947, 60.03616952896118, 76.48760747909546, 96.53453731536865, 115.56951951980591, 137.1126172542572, 162.34246444702148, 188.93632173538208, 218.5640070438385, 277.8784339427948, 306.81025195121765, 341.5799083709717, 420.29266119003296, 458.12535429000854, 577.9114918708801, 697.0317053794861, 818.1210918426514, 937.2933275699615, 1014.0959675312042]
nauc_scores: [0.18913004328865957, 0.35241947880566915, 0.2999036298245157, 0.2756260456355992, 0.3671689521813486, 0.4050793076403032, 0.4659578160730027, 0.48345940995689385, 0.5082762154744733, 0.5088534493389298, 0.5179720654097808, 0.5074307214313636, 0.5545647008208456, 0.551765602559265, 0.543796096540855, 0.5263656627731488, 0.5686530137280819, 0.5713494864093065, 0.5679981264192122, 0.5808663619836991, 0.5762356968786522, 0.5843826025781815, 0.5847810205650026, 0.5847810205650026]
nauc_var: 0.00023116092135579215
alc_var: 0.0001443589479971419
nauc_mean: 0.5826972559534921
nauc_std: 0.015203977155856035
alc_std: 0.012014946857857586
alc_mean: 0.48252934310094125
