score: 0.005026725974152002
Duration: 36.45966386795044
timestamps: [12.916373014450073, 14.592384815216064, 16.25655245780945, 17.87305188179016, 19.614346981048584, 21.2772216796875, 23.130852699279785, 25.218655347824097, 27.62585687637329, 30.873659133911133, 35.54541015625, 36.45966386795044]
nauc_scores: [0.00015357735882348678, 0.0007906354138293992, 0.007415961779931868, 0.012576402190970004, 0.01413855867188385, 0.023046014194467057, 0.048916298931074076, 0.03456786556828173, 0.019164374186946276, 0.009259719799865396, 0.004148266339183193, 0.004148266339183193]
alc_std: 0.0005655794234501467
nauc_mean: 0.0040792510457244415
alc_mean: 0.004647697850462451
nauc_std: 0.0011668551883078264
nauc_var: 1.3615510304808928e-06
alc_var: 3.198800842302003e-07
