score: 0.02892804940594591
Duration: 771.8270928859711
timestamps: [52.3256094455719, 82.55376100540161, 116.79445767402649, 159.602468252182, 219.8070583343506, 314.3287706375122, 475.5101113319397, 771.8270928859711]
nauc_scores: [0.046114375206878666, 0.0549146780137455, 0.05499957486529028, 0.056708564184244636, 0.05200167456868887, 0.051355917428083764, 0.031516896426089014, -0.018804606198987273]
accuracy: [0.5411494172344434, 0.5237143957054267, 0.5176335989492101, 0.5084795656166645, 0.5419317292920014, 0.5312887980943967, 0.5151358428667143, 0.5276501159632611]
alc_std: 0.035195053463125944
alc_var: 0.0012386917882722935
nauc_mean: -0.0006324058626868579
nauc_std: 0.058806648793750874
nauc_var: 0.003458221942351561
alc_mean: -0.008014160964664462
