score: 0.8938910335888961
Duration: 59.781026124954224
timestamps: [16.474925994873047, 28.97377634048462, 34.81856036186218, 40.68414330482483, 47.2721266746521, 53.49472999572754, 59.781026124954224]
nauc_scores: [0.9672776506349154, 0.9672776506349154, 0.9672776506349154, 0.9672776506349154, 0.971298975701884, 0.9718579812858157, 0.9718579812858157]
accuracy: [0.6961334871965931, 0.6961334871965931, 0.6961334871965931, 0.6961334871965931, 0.7612103104715345, 0.7802381958093162, 0.7802381958093162]
nauc_var: 9.149316254286522e-07
alc_std: 0.0008372295448085464
nauc_mean: 0.9725767947517066
alc_mean: 0.8946484563265497
alc_var: 7.009533107003257e-07
nauc_std: 0.0009565205828567686
