score: 0.8105773012952252
Duration: 152.4305601119995
timestamps: [36.43976378440857, 43.16603899002075, 54.83730125427246, 68.2545313835144, 83.28279757499695, 100.41322350502014, 119.42760753631592, 139.3424665927887, 152.4305601119995]
nauc_scores: [0.21175953222029076, 0.7399955346147531, 0.9482047203337174, 0.9735820525604271, 0.9753706206081572, 0.9865441299674063, 0.9935660232256729, 0.9946176924017527, 0.995979038352155]
accuracy: [0.5531733773998062, 0.7391326520831389, 0.8882610293661912, 0.9051950696198449, 0.8963386798258288, 0.9029355025311797, 0.9475516860476206, 0.9541078822209309, 0.9617299340390154]
nauc_mean: 0.9960032369091067
alc_mean: 0.8104320227011135
alc_var: 4.188838117070244e-08
nauc_std: 8.37770578683103e-05
alc_std: 0.0002046665120890627
nauc_var: 7.018595425070213e-09
