score: 0.6867608926540972
Duration: 34.39759421348572
timestamps: [5.251996040344238, 6.617245674133301, 13.109085321426392, 21.028857707977295, 28.866443634033203, 32.79433345794678, 34.39759421348572]
nauc_scores: [0.5591756892941251, 0.6477949199933792, 0.7774061005519854, 0.8122548259352891, 0.7327677328521265, 0.7404214874987853, 0.7022253789769786]
accuracy: [0.5011888948730375, 0.5660903622770642, 0.6735939676718395, 0.6972708078677298, 0.6782100795389702, 0.6772388768849508, 0.6790969262042842]
nauc_mean: 0.7074962859818292
nauc_var: 0.00012700335868511567
nauc_std: 0.011269576686154439
alc_var: 0.00023385518221191417
alc_mean: 0.6945053997255521
alc_std: 0.015292324290699376
