score: 0.6123155987567565
Duration: 191.67143607139587
timestamps: [96.07140159606934, 111.18604493141174, 127.05165243148804, 143.22104907035828, 159.2621214389801, 175.54582238197327, 191.67143607139587]
nauc_scores: [3.1073934761094435e-05, 0.8433242352193409, 0.9277865779004593, 0.9408668498647492, 0.9445587611855624, 0.938238203419705, 0.938238203419705]
accuracy: [0.06666473104574057, 0.4016337561834575, 0.6424195615622607, 0.7010666113564458, 0.7131743604624408, 0.7033225458023081, 0.7033225458023081]
nauc_std: 0.0017751863547288901
nauc_mean: 0.9383603817925594
alc_mean: 0.61203161077074
nauc_var: 3.151286594015645e-06
alc_std: 0.0006641638647639919
alc_var: 4.4111363925824216e-07
