score: 0.39066386371660816
Duration: 64.71017718315125
timestamps: [16.95795226097107, 20.56399440765381, 24.067249298095703, 27.50859522819519, 31.19490337371826, 35.223002672195435, 39.175851583480835, 43.40406155586243, 48.01236891746521, 53.82290983200073, 62.22869610786438, 64.71017718315125]
nauc_scores: [-0.0139300072936005, -0.008510843312791061, -0.009353677258821746, -0.005150453642365549, -0.001587008485398833, -7.75317493603156e-05, 0.0023722364254954442, 0.032773969050890805, 0.17320516553474907, 0.34257161422658866, 0.4955190769175033, 0.4955190769175033]
accuracy: [0.009948356204630714, 0.009924661912538378, 0.009828102230747602, 0.00963074679530555, 0.00988146734296071, 0.009948727770180766, 0.01006214305666612, 0.010120845074832607, 0.0107947990025128, 0.015805344844464005, 0.02703132763270188, 0.02703132763270188]
nauc_std: 0.0030824959499308655
alc_std: 0.005427085107193575
alc_mean: 0.3890586027091848
nauc_mean: 0.4969614453270263
nauc_var: 9.50178128134019e-06
alc_var: 2.9453252760722296e-05
