score: 2.6631477966019895e-05
Duration: 990.3384139537811
timestamps: [194.71056628227234, 398.3319442272186, 594.4624116420746, 796.1162180900574, 990.3384139537811]
nauc_scores: [2.9208924653412183e-05, 2.920913919046697e-05, 7.263205396546013e-05, 9.302207339656476e-05, 8.235288948577058e-05]
accuracy: [0.8560630393212102, 0.8577365267560759, 0.8513660742692004, 0.8151624846026536, 0.8537640866281335]
alc_var: 6.416132576979956e-11
alc_mean: 3.0098897960514362e-05
nauc_std: 4.353991414954302e-05
alc_std: 8.010076514603313e-06
nauc_mean: 0.00010481290881554361
nauc_var: 1.8957241241495767e-09
