score: 0.9774738543948767
Duration: 19.195168018341064
timestamps: [2.0886077880859375, 3.690946102142334, 7.6455912590026855, 12.984821557998657, 19.195168018341064]
nauc_scores: [0.2414861830945232, 0.891673217026496, 0.9688744895164956, 0.9978423278387474, 0.9978423278387474]
accuracy: [0.28296652230873404, 0.776652648760924, 0.8823231173338246, 0.9609626439105146, 0.9609626439105146]
alc_std: 0.0008725107948000306
nauc_std: 0.00046526640989195755
alc_var: 7.612750870425813e-07
alc_mean: 0.9772200285096823
nauc_mean: 0.9978752483526241
nauc_var: 2.1647283217375106e-07
