score: 0.034534670256318976
Duration: 15.517440795898438
timestamps: [6.292471408843994, 7.3695220947265625, 8.352059841156006, 9.423720121383667, 10.690599918365479, 12.480910062789917, 15.137373447418213, 15.517440795898438]
nauc_scores: [-0.0003060494046106532, -0.02013503544740336, -0.021129256802792096, -0.020544627245552283, -0.005331110937373484, 0.014054633853388898, 0.037511574857617136, 0.037511574857617136]
accuracy: [0.25002671330775494, 0.24779219902460342, 0.1887373628827127, 0.125891614579765, 0.129704161828422, 0.14181499861459976, 0.21717717021444127, 0.21717717021444127]
alc_mean: 0.03345434218161318
nauc_var: 5.232480512612005e-05
alc_var: 5.013964991331362e-05
alc_std: 0.007080935666514251
nauc_mean: 0.039027996534956255
nauc_std: 0.007233588675486052
