score: 0.6983791162195573
Duration: 118.60972285270691
timestamps: [17.231441974639893, 31.75905418395996, 45.97333860397339, 60.38981771469116, 75.07963633537292, 89.6586012840271, 104.48510813713074, 118.60972285270691]
nauc_scores: [0.7615275551386445, 0.7615275551386445, 0.7615275551386445, 0.7615275551386445, 0.7615275551386445, 0.7615275551386445, 0.7615275551386445, 0.7615275551386445]
nauc_var: 3.438033513893521e-05
alc_var: 7.189208980935303e-06
nauc_std: 0.005863474664304026
nauc_mean: 0.7619175008949057
alc_mean: 0.6984872854086562
alc_std: 0.002681270031335021
