score: 0.7808979049290671
Duration: 891.911951303482
timestamps: [0.3718142509460449, 0.6101465225219727, 1.013014316558838, 2.2465686798095703, 3.617002487182617, 5.438188791275024, 7.8315253257751465, 17.419586181640625, 25.62728977203369, 178.96863555908203, 192.79235792160034, 277.2721724510193, 300.8428828716278, 621.5704860687256, 630.1002163887024, 641.7319767475128, 647.9956862926483, 654.4624314308167, 661.165148973465, 667.2972888946533, 673.4095566272736, 679.6717121601105, 686.0219707489014, 692.2325689792633, 698.2269954681396, 703.8069655895233, 709.4958066940308, 715.0844526290894, 720.6808269023895, 726.3010294437408, 732.6789410114288, 738.9084498882294, 745.2271223068237, 751.1552073955536, 757.303272485733, 763.1529207229614, 769.2896916866302, 775.5723507404327, 782.2150826454163, 789.0570089817047, 795.4909272193909, 801.7892923355103, 807.426990032196, 813.0536875724792, 818.6783084869385, 824.3396193981171, 830.1502819061279, 836.4107241630554, 842.666419506073, 849.0670773983002, 855.4832265377045, 861.744336605072, 867.9596304893494, 874.1925253868103, 880.5639252662659, 886.2516536712646, 891.902366399765, 891.911951303482]
nauc_scores: [0.5811305432167964, 0.6399467540368957, 0.6865406410620849, 0.7012688733602193, 0.7281211139761288, 0.7475324124661187, 0.7629552277204641, 0.7782908885719191, 0.7841487354542216, 0.7865220505648103, 0.7865220505648103, 0.788655519209065, 0.7886494024995483, 0.7886494024995483, 0.7886494024995483, 0.7886494024995483, 0.7886494024995483, 0.7886494024995483, 0.7886494024995483, 0.7886494024995483, 0.7886494024995483, 0.7886494024995483, 0.7886494024995483, 0.7886494024995483, 0.7886494024995483, 0.7886494024995483, 0.7886494024995483, 0.7886494024995483, 0.7886494024995483, 0.7886494024995483, 0.7886494024995483, 0.7886494024995483, 0.7886494024995483, 0.7886494024995483, 0.7886494024995483, 0.7886494024995483, 0.7886494024995483, 0.7886494024995483, 0.7886494024995483, 0.7886494024995483, 0.7886494024995483, 0.7886494024995483, 0.7886494024995483, 0.7886494024995483, 0.7886494024995483, 0.7886494024995483, 0.7886494024995483, 0.7886494024995483, 0.7886494024995483, 0.7886494024995483, 0.7886494024995483, 0.7886494024995483, 0.7886494024995483, 0.7886494024995483, 0.7886494024995483, 0.7886494024995483, 0.7886494024995483, 0.7886494024995483]
accuracy: [0.35728503004490236, 0.4274366861524411, 0.46073779192852965, 0.4784960611441651, 0.49996689135197736, 0.5170251394689294, 0.521905915480676, 0.5586013751359877, 0.5602452634009317, 0.5767192405288974, 0.5767192405288974, 0.5671619300773887, 0.5671533521685956, 0.5671533521685956, 0.5671533521685956, 0.5671533521685956, 0.5671533521685956, 0.5671533521685956, 0.5671533521685956, 0.5671533521685956, 0.5671533521685956, 0.5671533521685956, 0.5671533521685956, 0.5671533521685956, 0.5671533521685956, 0.5671533521685956, 0.5671533521685956, 0.5671533521685956, 0.5671533521685956, 0.5671533521685956, 0.5671533521685956, 0.5671533521685956, 0.5671533521685956, 0.5671533521685956, 0.5671533521685956, 0.5671533521685956, 0.5671533521685956, 0.5671533521685956, 0.5671533521685956, 0.5671533521685956, 0.5671533521685956, 0.5671533521685956, 0.5671533521685956, 0.5671533521685956, 0.5671533521685956, 0.5671533521685956, 0.5671533521685956, 0.5671533521685956, 0.5671533521685956, 0.5671533521685956, 0.5671533521685956, 0.5671533521685956, 0.5671533521685956, 0.5671533521685956, 0.5671533521685956, 0.5671533521685956, 0.5671533521685956, 0.5671533521685956]
alc_var: 0.0002308315211566063
nauc_var: 6.15081937138911e-05
nauc_mean: 0.7874433135254157
alc_mean: 0.783551015181235
nauc_std: 0.007842715965396879
alc_std: 0.015193140595565036
