score: 0.7844154888394946
Duration: 31.667922019958496
timestamps: [4.618889808654785, 6.061685562133789, 13.17235541343689, 20.642759323120117, 27.59533405303955, 29.66107749938965, 31.667922019958496]
nauc_scores: [0.5306258794648859, 0.6068700574128878, 0.6991868402765298, 0.7062957759947743, 0.7257678552172819, 0.7508638586137746, 0.822109223048936]
accuracy: [0.488740986015203, 0.5442635403736484, 0.6255361094913285, 0.6320171346227847, 0.6453166269717687, 0.6654421124352917, 0.7106759847987001]
nauc_var: 0.00021522981512107128
alc_mean: 0.7899932957794257
nauc_mean: 0.8268806224320763
alc_std: 0.010805302812398028
nauc_std: 0.01467071283616005
alc_var: 0.00011675456886761674
