score: 0.8442013398354893
Duration: 51.41839146614075
timestamps: [17.09233832359314, 22.17818260192871, 25.61741304397583, 28.774738311767578, 31.97135901451111, 35.14053201675415, 38.267316818237305, 41.422677993774414, 44.60756778717041, 48.05216574668884, 51.41839146614075]
nauc_scores: [0.8293376301038784, 0.8293376301038784, 0.8240020949706772, 0.8810192372168257, 0.9047477233865213, 0.9111461710550524, 0.9178241211403215, 0.9199289737544285, 0.9253424624422406, 0.9260666520309726, 0.9260666520309726]
accuracy: [0.755146374845839, 0.755146374845839, 0.7331701175435413, 0.7881234652120956, 0.8194782182417817, 0.8327439820189176, 0.8431371356428455, 0.8448265762681179, 0.8565672613947861, 0.8617988567868273, 0.8617988567868273]
alc_std: 0.00411993767699866
alc_var: 1.6973886462353116e-05
nauc_mean: 0.9247254616812427
nauc_var: 6.280415302149128e-06
alc_mean: 0.8431138824690232
nauc_std: 0.0025060756776580247
