score: 0.8367159899251683
Duration: 311.2213168144226
timestamps: [8.70679759979248, 10.428378582000732, 14.86478042602539, 20.906847715377808, 28.204259872436523, 38.49625587463379, 54.36164593696594, 68.83886504173279, 84.65016508102417, 189.98283743858337, 311.2213168144226]
nauc_scores: [0.5877233535992583, 0.7413915613849427, 0.8320942222690724, 0.8738326350801504, 0.8642088416293097, 0.8824915517583913, 0.8499865228743346, 0.8779536299188628, 0.9008016160074834, 0.898460822019842, 0.8750254997413986]
accuracy: [0.33290310540836876, 0.5344314698350444, 0.6757560894561054, 0.7175638497901453, 0.7192270082775781, 0.7062213384142639, 0.6850140819548418, 0.7399594872056031, 0.7980252782127865, 0.7792413359404331, 0.7634659189454208]
nauc_var: 0.00026166414355981914
alc_var: 7.032629014736442e-06
alc_mean: 0.8384716183585832
nauc_mean: 0.8732767287433774
nauc_std: 0.016176036089222204
alc_std: 0.0026519104462135296
