score: 0.46949066035913856
Duration: 605.5001339912415
timestamps: [13.472459554672241, 16.12169051170349, 23.22502112388611, 30.773773431777954, 43.847405195236206, 66.35315608978271, 91.5323920249939, 134.01867127418518, 171.41277980804443, 231.6602292060852, 415.5495924949646, 605.5001339912415]
nauc_scores: [0.25202518396740925, 0.3463573620014524, 0.3694987694022547, 0.44764191555521005, 0.4759629809061574, 0.49517296833308055, 0.5283758789062156, 0.5168600538291226, 0.526717655037876, 0.5341359747726628, 0.50887725732529, 0.529791264200201]
alc_var: 6.802298456486577e-05
nauc_var: 0.00015071050956859562
nauc_mean: 0.5292556462302604
alc_std: 0.008247604777440888
nauc_std: 0.012276420877788265
alc_mean: 0.47737554379628133
