score: 0.9748327945870242
Duration: 23.226045846939087
timestamps: [2.896602153778076, 4.423551321029663, 8.77052903175354, 14.622647523880005, 23.226045846939087]
nauc_scores: [0.4934076006047796, 0.8236995243975409, 0.9854574936139429, 0.9913869890238136, 0.9986443796635764]
accuracy: [0.5815123653921143, 0.7271416162381049, 0.9109988362448658, 0.9095412899568263, 0.9632458239212612]
alc_std: 0.0007344077529484073
nauc_std: 0.00043707764564022544
nauc_mean: 0.9988720198341351
alc_mean: 0.9748167961650769
nauc_var: 1.9103686831840245e-07
alc_var: 5.393547475907288e-07
