score: 0.8068559495868449
Duration: 1014.2974987030029
timestamps: [9.614782094955444, 12.55171799659729, 19.76148772239685, 27.719104290008545, 38.26545286178589, 50.159175157547, 64.47688245773315, 80.56504392623901, 98.3431785106659, 117.81197166442871, 142.70172786712646, 165.49724078178406, 191.7341058254242, 218.65155839920044, 249.3617606163025, 284.59211707115173, 648.4692330360413, 739.0812981128693, 775.4022307395935, 1014.2974987030029]
nauc_scores: [0.21369261618243685, 0.4124146484069686, 0.6454322840022984, 0.7432702149603758, 0.7910690149683857, 0.8200252755443485, 0.8434319271269368, 0.7946039744752247, 0.8834586163792817, 0.8845707316905091, 0.8604395372793774, 0.90425665338902, 0.906181591154779, 0.9086409052049937, 0.9144462962225199, 0.9024629434612268, 0.9212453278309458, 0.9120235644194794, 0.917101029361395, 0.9239811473592676]
nauc_mean: 0.9238819962850805
alc_mean: 0.8069563097351455
nauc_var: 4.496814990879617e-06
alc_var: 2.7376057346543826e-06
nauc_std: 0.002120569496828533
alc_std: 0.0016545711633696456
