score: 0.8827339159749248
Duration: 13.062426567077637
timestamps: [4.639558553695679, 6.067209243774414, 9.787612915039062, 13.062426567077637]
nauc_scores: [0.6694449326917324, 0.8751783184168616, 0.9002549325780789, 0.9073226657488471]
alc_mean: 0.8846147157932485
alc_std: 0.016152824897848604
alc_var: 0.00026091375218055774
nauc_std: 0.014452481329298819
nauc_mean: 0.9041677402416198
nauc_var: 0.00020887421657373096
