score: 0.5418347593712838
Duration: 408.10115146636963
timestamps: [30.46607279777527, 31.138101816177368, 33.01066493988037, 39.97400212287903, 45.75222730636597, 50.25006890296936, 55.725614070892334, 61.80272889137268, 68.19439697265625, 72.24083232879639, 77.641033411026, 82.19460344314575, 86.52883720397949, 90.8529224395752, 95.20366859436035, 107.2024438381195, 114.97322750091553, 122.93080687522888, 130.92472195625305, 138.8205647468567, 146.80237340927124, 154.85308814048767, 163.38831663131714, 168.9167721271515, 174.3115749359131, 179.55796146392822, 184.94413542747498, 190.22432899475098, 195.57595777511597, 200.62964463233948, 206.00984525680542, 210.9019341468811, 215.79016256332397, 221.03771471977234, 228.97771191596985, 236.91632533073425, 244.38363552093506, 252.51784253120422, 260.7040705680847, 269.04637360572815, 276.8832221031189, 285.3094937801361, 293.858834028244, 302.44650197029114, 311.000759601593, 318.9266357421875, 327.33414936065674, 331.4620792865753, 335.64215874671936, 339.7917981147766, 345.3376591205597, 350.85179352760315, 356.76043343544006, 362.6914429664612, 368.1366171836853, 373.8544466495514, 379.1113352775574, 384.6445517539978, 390.116726398468, 400.56589102745056, 404.29185819625854, 408.10115146636963]
nauc_scores: [0.3887540190134209, 0.42354725120801895, 0.46635423521217834, 0.46635423521217834, 0.48286896289591863, 0.49945178401780255, 0.5378699001867044, 0.5423686038347602, 0.5590364457485832, 0.5644962428749356, 0.5683947047151423, 0.5743579800926466, 0.5757351082213098, 0.5621274379855556, 0.5623459173028311, 0.5623459173028311, 0.5623459173028311, 0.5623459173028311, 0.5838118335539204, 0.6084118677000236, 0.6309684210368267, 0.635167269899781, 0.635167269899781, 0.635167269899781, 0.635167269899781, 0.635167269899781, 0.635167269899781, 0.6429517178102482, 0.6414121486040032, 0.6414121486040032, 0.6262899494404821, 0.6262899494404821, 0.6262899494404821, 0.620518787920437, 0.6554129343575137, 0.6603095529764906, 0.6603095529764906, 0.6750526056630619, 0.6806669277912571, 0.6764296100855887, 0.6764296100855887, 0.6798445360052632, 0.6758554349106138, 0.6662630912316678, 0.6669226441956322, 0.6669226441956322, 0.6673284180396337, 0.6673284180396337, 0.6673284180396337, 0.6673284180396337, 0.6673284180396337, 0.6673284180396337, 0.6673284180396337, 0.6673284180396337, 0.6673284180396337, 0.6673284180396337, 0.6673284180396337, 0.6673284180396337, 0.6673284180396337, 0.6781077747354609, 0.6781077747354609, 0.6781077747354609]
accuracy: [0.2859375109203562, 0.2906889543296203, 0.29980349424663133, 0.29980349424663133, 0.28988471447019276, 0.290623130848228, 0.2953932914271823, 0.3072462099738933, 0.31126376653613846, 0.3165108237823995, 0.32034138979010124, 0.3233451306550596, 0.32731918816750355, 0.3287205792821687, 0.33313668355405146, 0.33313668355405146, 0.33313668355405146, 0.33313668355405146, 0.33708766158040687, 0.3395460619929372, 0.3439174055102537, 0.34906752465582197, 0.34906752465582197, 0.34906752465582197, 0.34906752465582197, 0.34906752465582197, 0.34906752465582197, 0.34663567085947017, 0.3463865591706106, 0.3463865591706106, 0.34297536426728154, 0.34297536426728154, 0.34297536426728154, 0.3455018660914191, 0.3643876851537335, 0.3793005630947108, 0.3793005630947108, 0.3969372288292966, 0.416323945107057, 0.4412372130733596, 0.4412372130733596, 0.452293899468423, 0.46146497830519184, 0.46916402506078686, 0.47066065283551545, 0.47066065283551545, 0.481689610663836, 0.481689610663836, 0.481689610663836, 0.481689610663836, 0.481689610663836, 0.481689610663836, 0.481689610663836, 0.481689610663836, 0.481689610663836, 0.481689610663836, 0.481689610663836, 0.481689610663836, 0.481689610663836, 0.44958143005302886, 0.44958143005302886, 0.44958143005302886]
