score: 0.03318940764983349
Duration: 112.06877493858337
timestamps: [34.491783618927, 41.10710120201111, 47.7238233089447, 54.40913724899292, 61.480868339538574, 69.15472984313965, 78.66672086715698, 90.03694915771484, 105.80548667907715, 112.06877493858337]
nauc_scores: [0.004034336550980511, 0.0033999048625745765, 0.0004299145015842498, 0.0046651386644791515, 0.003753649400831671, -0.012894753345039978, -0.004389743463492191, -0.019829945832518847, 0.04100874329103488, 0.05110324692856083]
accuracy: [0.03209940919883257, 0.032091862798776155, 0.03209198957525144, 0.03214249101216074, 0.10749571161227622, 0.14909247505209958, 0.263319243179714, 0.34381746033149985, 0.19832555514821693, 0.19847110859750153]
nauc_mean: 0.048993166421322745
nauc_std: 0.0037781645487293953
alc_mean: 0.029885843074268163
nauc_var: 1.4274527357275594e-05
alc_var: 2.5074024848257225e-06
alc_std: 0.0015834779710579248
