score: 0.8863170835916879
Duration: 50.94072246551514
timestamps: [11.514550685882568, 20.369521141052246, 35.44738173484802, 50.94072246551514]
nauc_scores: [0.9307838667218882, 0.9307838667218882, 0.9416450103007861, 0.9416450103007861]
accuracy: [0.557761707769518, 0.557761707769518, 0.6579659958851185, 0.6579659958851185]
alc_mean: 0.8855477860582008
nauc_mean: 0.93869301342601
alc_var: 7.225855917704765e-06
nauc_var: 5.145380588936791e-06
alc_std: 0.002688095221100764
nauc_std: 0.002268343137388343
