score: 0.9068922684011034
Duration: 1014.8145380020142
timestamps: [4.021291255950928, 6.619425535202026, 11.370782136917114, 18.341837406158447, 28.299320459365845, 40.6045925617218, 54.2148494720459, 69.16102027893066, 86.64390301704407, 106.83231568336487, 168.06597089767456, 192.26864767074585, 359.13419008255005, 387.0229856967926, 453.16480469703674, 633.1291992664337, 1014.8145380020142]
nauc_scores: [0.5167572256352633, 0.6472700979167445, 0.7157964222029052, 0.8181182347206359, 0.88299869165317, 0.9266753027821268, 0.9334834276943653, 0.9386118161188295, 0.9477701549657818, 0.9392037566299332, 0.9583620213414192, 0.9530826812352711, 0.9655216997887979, 0.9622966221560565, 0.970025708246554, 0.9730853517218154, 0.9730853517218154]
accuracy: [0.04197300380222623, 0.04659273810986682, 0.0224498322146175, 0.13238529326363796, 0.22119124359162518, 0.29082567150434663, 0.33278877426564746, 0.363560257487925, 0.3959866274335884, 0.3779057436156273, 0.4812208300598693, 0.45578329304949666, 0.5458509204239205, 0.5172676458038159, 0.5582034834648584, 0.5911979065026208, 0.5911979065026208]
nauc_mean: 0.9733329674229922
nauc_std: 0.0006918268104130629
nauc_var: 4.786243356063121e-07
alc_var: 1.435352162163142e-06
alc_mean: 0.9073978225000016
alc_std: 0.001198061835700955
