score: 0.006246560052621755
Duration: 148.38211011886597
timestamps: [59.456804037094116, 73.66367983818054, 90.00804805755615, 111.18428301811218, 140.87265419960022, 148.38211011886597]
nauc_scores: [0.045593069167288336, 0.026937555205622132, -0.0067436815420035545, -0.021801425181557033, -0.005530563452501358, 0.008539651195694997]
accuracy: [0.12552191718808128, 0.1255992806520708, 0.12508380727950105, 0.12464240377623548, 0.1252577689919395, 0.12684647846192937]
alc_std: 0.0070386056614749224
nauc_std: 0.02103973367450276
nauc_mean: 0.009047166452003074
alc_mean: 0.0012472988067349963
alc_var: 4.954196965774683e-05
nauc_var: 0.0004426703930940054
