score: 0.0
Duration: 862.1018936634064
timestamps: [66.20344948768616, 128.21542358398438, 187.92251896858215, 245.17915749549866, 307.0041787624359, 376.1999213695526, 445.81494212150574, 518.1865215301514, 607.2712366580963, 709.6759214401245, 862.1018936634064]
nauc_scores: [0.0, 0.0, 0.0, 0.0, 0.0, 0.0, 0.0, 0.0, 0.0, 0.0, 0.0]
accuracy: [0.05555555555555547, 0.05555555555555549, 0.05555555555555549, 0.05555555555555549, 0.05555555555555554, 0.055555555555555504, 0.05555555555555554, 0.05555555555555549, 0.05555555555555548, 0.055555555555555504, 0.05555555555555549]
nauc_std: 0.0
alc_mean: 0.0
alc_std: 0.0
alc_var: 0.0
nauc_var: 0.0
nauc_mean: 0.0
