score: 0.6639558235763849
Duration: 136.2808985710144
timestamps: [88.99777722358704, 91.0001630783081, 96.13434338569641, 133.8746964931488, 136.2808985710144]
nauc_scores: [0.854889322879113, 0.8720973478992307, 0.9212004615030909, 0.9452768657821762, 0.9518325086865131]
accuracy: [0.33267526106206147, 0.5386929008877752, 0.6095820950744375, 0.6353962578404622, 0.6786224184019255]
nauc_std: 0.00589876461668563
nauc_mean: 0.9501052336441227
alc_var: 1.2385915772236344e-05
alc_mean: 0.6634133967959072
nauc_var: 3.479542400306237e-05
alc_std: 0.0035193629781874367
