score: 0.633850061172591
Duration: 169.91896319389343
timestamps: [68.85841965675354, 89.43972206115723, 109.31281518936157, 129.46639919281006, 149.96204948425293, 169.91896319389343]
nauc_scores: [0.24171262427754225, 0.8343767949747829, 0.8875448678864566, 0.8926667994151303, 0.8919221070691137, 0.8919221070691137]
accuracy: [0.11375962577018457, 0.4082065844213823, 0.48348329730258005, 0.5237335559142408, 0.5244576330769875, 0.5244576330769875]
nauc_var: 2.184246377084173e-06
alc_std: 0.001379866393779081
alc_var: 1.904031264680886e-06
nauc_mean: 0.8926920572583551
nauc_std: 0.0014779196111711127
alc_mean: 0.6335763897684237
