score: 0.006640826260594987
Duration: 101.97596549987793
timestamps: [30.66394805908203, 33.86327266693115, 36.961256980895996, 40.11870813369751, 43.2591450214386, 46.29820203781128, 49.58704590797424, 52.98210430145264, 57.02242064476013, 62.23272919654846, 68.9859721660614, 79.97372722625732, 99.30493998527527, 101.97596549987793]
nauc_scores: [-0.02959441759721404, -0.02282546796302687, -0.0029093853020834004, 0.003470729413601381, 0.02877327848528166, 0.04393831742807297, 0.025195924972675643, 0.09025133429211141, 0.11855241366342861, 0.17076109040310383, 0.000646081750641514, 0.0011842964644959153, 0.0004630184619982547, 0.0006324503482768584]
accuracy: [0.2594515710887675, 0.29867072623150537, 0.2677572303685112, 0.2086318097457757, 0.39487146592123684, 0.4141727355354722, 0.4316306457450964, 0.35621321378635407, 0.2769373357443761, 0.3087971141495452, 0.282348324119622, 0.32766624640949904, 0.3408537461916315, 0.34085798519008786]
alc_mean: 0.006667977148139501
nauc_var: 7.655255387410133e-08
alc_std: 0.00014420206147687842
alc_var: 2.0794234534181423e-08
nauc_mean: 0.0006994267460185277
nauc_std: 0.0002766813218742843
