score: 0.5033609273616257
Duration: 978.6708645820618
timestamps: [29.557291984558105, 54.191323041915894, 78.63304448127747, 103.5584146976471, 128.58796286582947, 156.7336266040802, 190.8205530643463, 236.4881238937378, 305.12337350845337, 412.22298097610474, 608.3537001609802, 978.6708645820618]
nauc_scores: [-0.005142719626790804, 0.0014758015457492224, 0.01818917507837825, 0.06230965638271746, 0.15755782033889654, 0.3567185471117895, 0.6427799918100527, 0.8437479692673793, 0.9167085906683909, 0.9408677414974158, 0.9490802434053527, 0.9488917761024871]
accuracy: [0.010309945119132299, 0.010889818444344963, 0.013192147046854796, 0.025371942259198903, 0.04232846789612692, 0.05350765995757116, 0.0758170514090565, 0.17174739685654164, 0.3236795055258044, 0.4400658701548058, 0.5111564835541135, 0.5444848693138542]
alc_std: 0.002944681937035123
nauc_var: 2.855715791426892e-06
nauc_std: 0.0016898863250014457
nauc_mean: 0.9493381796848898
alc_var: 8.671151710300923e-06
alc_mean: 0.503807110577051
