score: 0.8225816875194758
Duration: 6.127450466156006
timestamps: [1.474104881286621, 5.02478289604187, 5.298717737197876, 5.568763017654419, 5.848109483718872, 6.127450466156006]
nauc_scores: [0.6696919691969196, 0.7750082025746434, 0.8121429467508157, 0.8307350471889294, 0.8343731302954858, 0.8323224866346284]
accuracy: [0.6270712748801225, 0.6591004624609929, 0.7230384632835936, 0.7567974591138831, 0.751754671400889, 0.7849347267697878]
