score: 0.5212006021871549
Duration: 969.0701882839203
timestamps: [24.91129994392395, 44.28059935569763, 63.822391748428345, 83.63405203819275, 104.38691115379333, 126.44267177581787, 152.0087878704071, 182.79040908813477, 224.36436867713928, 288.4114167690277, 397.01415395736694, 594.527526140213, 969.0701882839203]
nauc_scores: [0.06915568631983882, 0.0901922004506881, 0.1335678853082931, 0.21821979530900593, 0.33267602720009704, 0.44773758760871285, 0.5621600953416366, 0.6543168175373104, 0.7231289277908775, 0.7810531703746064, 0.8289218727674528, 0.8649579155028657, 0.8931744470627181]
accuracy: [0.20216552690492962, 0.20419154711804222, 0.20853874509462872, 0.2170844001404198, 0.22779666095057502, 0.255179810989077, 0.29062863593394805, 0.35256613224921857, 0.42429908721579523, 0.49152070517494784, 0.5514612997030093, 0.6075633815933581, 0.6628571360817739]
nauc_std: 0.0017903537515047037
nauc_mean: 0.8932025902360292
alc_std: 0.0036692387760532902
alc_mean: 0.52263089992396
alc_var: 1.3463313195693047e-05
nauc_var: 3.205366555526966e-06
