score: 0.7502948607554507
Duration: 50.93435525894165
timestamps: [2.886441946029663, 4.664915084838867, 6.412626028060913, 12.9558846950531, 13.128721714019775, 13.290849924087524, 13.438621520996094, 15.734910011291504, 15.9146089553833, 16.102054119110107, 16.289392709732056, 16.464959144592285, 16.6213641166687, 16.781310558319092, 16.95050024986267, 19.814266204833984, 20.58608841896057, 21.35648274421692, 22.14738178253174, 22.91255807876587, 23.693166732788086, 24.38158082962036, 25.064051628112793, 27.84320044517517, 28.226271629333496, 28.58187699317932, 28.9617919921875, 29.303104162216187, 29.641326665878296, 29.96291184425354, 30.305357217788696, 33.4611177444458, 34.382808685302734, 35.305644512176514, 36.2354416847229, 37.17395043373108, 38.0025589466095, 38.83828687667847, 39.69150972366333, 41.54707193374634, 41.731786012649536, 41.9244339466095, 42.12220048904419, 42.30163788795471, 42.48202705383301, 42.64617681503296, 42.80853629112244, 45.70052123069763, 46.477415800094604, 47.168662786483765, 47.86120009422302, 48.64512610435486, 49.32438039779663, 50.003278493881226, 50.69949555397034, 50.93435525894165]
nauc_scores: [-0.047684626493775806, 0.6898337662674647, 0.7324473424582567, 0.7324473424582567, 0.7324473424582567, 0.6572411918151446, 0.6572411918151446, 0.6572411918151446, 0.7121368205162288, 0.7121368205162288, 0.7637736468274898, 0.7011601531932321, 0.7011601531932321, 0.7011601531932321, 0.7607159892392583, 0.7607159892392583, 0.7607159892392583, 0.7607159892392583, 0.7607159892392583, 0.7607159892392583, 0.7607159892392583, 0.7607159892392583, 0.7607159892392583, 0.7559322513543125, 0.7559322513543125, 0.7559322513543125, 0.7559322513543125, 0.7559322513543125, 0.7559322513543125, 0.7559322513543125, 0.7559322513543125, 0.7504040009732995, 0.7504040009732995, 0.7504040009732995, 0.7504040009732995, 0.7504040009732995, 0.7504040009732995, 0.7504040009732995, 0.7504040009732995, 0.7701027400969052, 0.7701027400969052, 0.7701027400969052, 0.7701027400969052, 0.7701027400969052, 0.7701027400969052, 0.7701027400969052, 0.7701027400969052, 0.7807372290265917, 0.7807372290265917, 0.7807372290265917, 0.7807372290265917, 0.7807372290265917, 0.7807372290265917, 0.7807372290265917, 0.7807372290265917, 0.7752405780783709]
accuracy: [0.10959325650933535, 0.2420294559308523, 0.2630957036356895, 0.2630957036356895, 0.2630957036356895, 0.3889206651763626, 0.3889206651763626, 0.3889206651763626, 0.39494701131163873, 0.39494701131163873, 0.48514673150828036, 0.4942758472344208, 0.4942758472344208, 0.4942758472344208, 0.5200995583414391, 0.5200995583414391, 0.5200995583414391, 0.5200995583414391, 0.5200995583414391, 0.5200995583414391, 0.5200995583414391, 0.5200995583414391, 0.5200995583414391, 0.5238298448795426, 0.5238298448795426, 0.5238298448795426, 0.5238298448795426, 0.5238298448795426, 0.5238298448795426, 0.5238298448795426, 0.5238298448795426, 0.5140709449652374, 0.5140709449652374, 0.5140709449652374, 0.5140709449652374, 0.5140709449652374, 0.5140709449652374, 0.5140709449652374, 0.5140709449652374, 0.5062813601194035, 0.5062813601194035, 0.5062813601194035, 0.5062813601194035, 0.5062813601194035, 0.5062813601194035, 0.5062813601194035, 0.5062813601194035, 0.5021801604913427, 0.5021801604913427, 0.5021801604913427, 0.5021801604913427, 0.5021801604913427, 0.5021801604913427, 0.5021801604913427, 0.5021801604913427, 0.4999721330519949]
alc_std: 0.023395653420104936
nauc_std: 0.042446841328655206
alc_mean: 0.7545489360430906
nauc_var: 0.0018017343387800315
alc_var: 0.0005473565989536677
nauc_mean: 0.7709103760821511
