score: 0.34641489531194836
Duration: 73.764963388443
timestamps: [8.049736261367798, 14.248563766479492, 20.69869589805603, 27.637772798538208, 35.34494423866272, 44.044498920440674, 55.72677755355835, 72.69994735717773, 73.764963388443]
nauc_scores: [0.02925362464637593, 0.016525826748609918, 0.0, 0.01391956424982932, 0.13053928427714379, 0.36684340247292946, 0.2002967698273339, 0.4317265541166715, 0.4317265541166715]
accuracy: [0.49629629629629574, 0.5037037067483235, 0.5037037037037031, 0.5037037034645477, 0.5088883413640027, 0.6019853210953205, 0.5480168927267126, 0.6292496897673633, 0.6292496897673633]
nauc_var: 0.0004148384827750255
nauc_std: 0.020367584117293478
nauc_mean: 0.4321762480665698
alc_var: 0.00010309300854720706
alc_std: 0.01015347273336601
alc_mean: 0.33462910763216624
