score: 0.7817094853457731
Duration: 572.8830041885376
timestamps: [27.400954246520996, 27.901815176010132, 30.562084913253784, 38.50474810600281, 51.0021288394928, 57.616904973983765, 65.15158820152283, 73.65932106971741, 82.70901370048523, 90.9216423034668, 101.77200961112976, 111.42761301994324, 119.97678017616272, 128.7267496585846, 136.87871861457825, 156.28983449935913, 170.48832082748413, 184.55984687805176, 198.49132871627808, 212.8996274471283, 227.25950407981873, 241.83485770225525, 256.4299178123474, 271.1016879081726, 283.93612909317017, 293.95909094810486, 303.97872376441956, 314.1253409385681, 323.47434854507446, 333.72415351867676, 344.19080114364624, 354.71432423591614, 365.03279089927673, 375.7512984275818, 385.41159296035767, 395.1804738044739, 409.6484658718109, 423.85548996925354, 438.6374273300171, 453.6079204082489, 469.14615392684937, 484.1046369075775, 494.2121043205261, 503.7715127468109, 513.1209721565247, 522.2621772289276, 529.3159503936768, 536.2898287773132, 543.6392772197723, 556.6523525714874, 563.7022018432617, 572.8830041885376]
nauc_scores: [0.5001063662469072, 0.5187265733687847, 0.5442599222193045, 0.5442599222193045, 0.6241326115783667, 0.6917363309648747, 0.7596001571919218, 0.8016949084729823, 0.8190564334675461, 0.8509264867326545, 0.8784630999053384, 0.9003715863871762, 0.913072242087255, 0.920985738802613, 0.9300384063100162, 0.9300384063100162, 0.9300384063100162, 0.9300384063100162, 0.9439978612334994, 0.9561784358090542, 0.9608703782614263, 0.9662076879561452, 0.9675629932739493, 0.9675067001134581, 0.9675067001134581, 0.9675067001134581, 0.9675067001134581, 0.9675067001134581, 0.9675067001134581, 0.9675067001134581, 0.9675067001134581, 0.9661299141312931, 0.9676313774053444, 0.9693554378727096, 0.9701735002985006, 0.9709624808936628, 0.9689256858974697, 0.9622830453208415, 0.9618788556151185, 0.9612055417344345, 0.9629140211047957, 0.9656076143277985, 0.9656076143277985, 0.9656076143277985, 0.9656076143277985, 0.9656076143277985, 0.9656076143277985, 0.9656076143277985, 0.9656076143277985, 0.9737813173602119, 0.9737813173602119, 0.9737813173602119]
accuracy: [0.4348718393259844, 0.4400574836228362, 0.44954648616625564, 0.44954648616625564, 0.4545693272608045, 0.47627306635461314, 0.5186080682228851, 0.5683354425058474, 0.615702229571166, 0.6597511376106844, 0.6975425648938676, 0.7188428442817815, 0.7360671873656287, 0.7550835285284913, 0.7744460598436373, 0.7744460598436373, 0.7744460598436373, 0.7744460598436373, 0.7916483758033641, 0.8070014387887667, 0.8012333267456628, 0.8174226015670807, 0.8149664883909018, 0.8330784315444051, 0.8330784315444051, 0.8330784315444051, 0.8330784315444051, 0.8330784315444051, 0.8330784315444051, 0.8330784315444051, 0.8330784315444051, 0.8321480183497051, 0.8263595826803534, 0.8288719501080319, 0.830877700077427, 0.8352592494202036, 0.845157347819851, 0.856370849368101, 0.8684708267970481, 0.8705256386168472, 0.8736744040579977, 0.889959574776147, 0.889959574776147, 0.889959574776147, 0.889959574776147, 0.889959574776147, 0.889959574776147, 0.889959574776147, 0.889959574776147, 0.87254363611007, 0.87254363611007, 0.87254363611007]
