score: 0.16239862589280563
Duration: 111.59591150283813
timestamps: [25.845947742462158, 31.511735916137695, 37.44670343399048, 44.510512351989746, 52.344820976257324, 60.79344940185547, 70.73890089988708, 84.56338477134705, 105.96062803268433, 111.59591150283813]
nauc_scores: [0.0037695832277020447, 0.004704529720468642, 0.04586669190548087, 0.12222058777059619, 0.15355552267155126, 0.18083947813985168, 0.18663170346236635, 0.18037012773226824, 0.20361262940734148, 0.20361262940734148]
accuracy: [0.0028561422937967303, 0.00483416122882241, 0.0065515488465592315, 0.008743866392684558, 0.010142193578817753, 0.011494964298977858, 0.013839782664615146, 0.01092783520340588, 0.014534527448565551, 0.014534527448565551]
alc_mean: 0.16214639646121087
nauc_mean: 0.20345777360778888
alc_std: 0.002435755394093063
alc_var: 5.932904339853452e-06
nauc_var: 9.695351162969046e-06
nauc_std: 0.003113735885229999
