score: 0.5666187819083606
Duration: 268.5246515274048
timestamps: [20.583993196487427, 35.36975073814392, 50.38631248474121, 66.42425012588501, 83.26479840278625, 101.74240636825562, 123.4402666091919, 152.79238176345825, 196.02895498275757, 268.5246515274048]
nauc_scores: [0.42387397154472084, 0.45949582172362025, 0.5026033880171341, 0.5569307102592811, 0.5925624117761652, 0.6402958219233095, 0.6679320976560472, 0.6637433875112548, 0.6779313637979305, 0.6734111389344846]
accuracy: [0.326247703950066, 0.3447543356503194, 0.3716556265723731, 0.3964776218773907, 0.41775301046071733, 0.4690280222147485, 0.520383647272078, 0.5527577547519535, 0.5730004570891702, 0.584551924334759]
alc_std: 0.007226158036240878
alc_var: 5.221735996472863e-05
nauc_mean: 0.6720476697682224
nauc_var: 0.0004189448915363797
nauc_std: 0.020468143333883016
alc_mean: 0.56506539658016
