score: 0.7038534726909026
Duration: 1013.6811816692352
timestamps: [17.254868745803833, 18.912238359451294, 22.600595235824585, 24.419881105422974, 26.245224952697754, 28.04704523086548, 44.14602470397949, 51.25628709793091, 60.8685142993927, 72.15657687187195, 83.57097601890564, 97.33398294448853, 113.3634946346283, 228.8324258327484, 290.6809527873993, 338.6859154701233, 381.69888162612915, 410.4598228931427, 754.16179728508, 1013.6811816692352]
nauc_scores: [0.10211637306721144, 0.38260436559371946, 0.5668873629453508, 0.7061490646437116, 0.7248685782312039, 0.7219977963227622, 0.763607055718786, 0.8171116757174746, 0.8241920009368076, 0.7291865346444872, 0.8524910751833554, 0.8364819728527304, 0.7871876570329115, 0.7964451479977357, 0.815070522326625, 0.7349447971238567, 0.7413584524328496, 0.7573219136101976, 0.7950501003822761, 0.8118419120688771]
nauc_var: 0.0018355044748137646
alc_std: 0.04741153328053805
alc_var: 0.002247853488011567
nauc_std: 0.04284278789730851
nauc_mean: 0.8249128727324788
alc_mean: 0.7568462923237733
