score: 0.5481140429789623
Duration: 497.51994943618774
timestamps: [15.220968961715698, 21.655143976211548, 28.210196018218994, 35.07448363304138, 42.68234181404114, 51.45360255241394, 63.91314101219177, 81.25447797775269, 116.56647968292236, 177.36341428756714, 271.85491132736206, 496.2487165927887, 497.51994943618774]
nauc_scores: [0.07743267926560793, 0.20635391432264716, 0.37994739135116795, 0.5054428915918849, 0.5629621471387682, 0.5734244404171278, 0.600953308659206, 0.6332039486860435, 0.6402398305551193, 0.6588903609397132, 0.6542239345330578, 0.6163984215349121, 0.6163984215349121]
alc_std: 0.0029938534360768082
alc_mean: 0.5510907552016877
alc_var: 8.96315839670891e-06
nauc_var: 3.742596577638286e-05
nauc_mean: 0.6155162506448508
nauc_std: 0.0061176765014491295
