score: 0.8868361194933048
Duration: 50.46541666984558
timestamps: [11.429400205612183, 20.70831060409546, 35.57584309577942, 50.46541666984558]
nauc_scores: [0.9294614727684976, 0.9294614727684976, 0.9419827448865228, 0.9419827448865228]
accuracy: [0.5575060428051074, 0.5575060428051074, 0.6811951617699227, 0.6811951617699227]
alc_mean: 0.8875520064968445
nauc_var: 6.372542052365906e-06
nauc_mean: 0.9435306615530218
nauc_std: 0.002524389441501827
alc_std: 0.0024286552587794346
alc_var: 5.898366365997002e-06
