score: -0.005558192398492678
Duration: 121.29340529441833
timestamps: [34.31845760345459, 45.04938197135925, 56.86207365989685, 70.80744671821594, 87.78065133094788, 112.7186918258667, 121.29340529441833]
nauc_scores: [-0.005219726099362276, -0.0007813070227239427, 0.0013505154337971614, -0.005483129679127119, -0.0020850590758776377, 0.0033963333722022426, -0.008045932891332708]
alc_mean: -0.00569965117755369
alc_var: 1.0357883122820285e-05
nauc_mean: -0.007280370240106149
alc_std: 0.003218366530216887
nauc_var: 2.961048962814829e-05
nauc_std: 0.00544155213410184
