score: 0.5633761791036848
Duration: 103.78138375282288
timestamps: [10.658368587493896, 16.84225034713745, 23.226511240005493, 30.056979656219482, 37.548410177230835, 47.32608222961426, 58.61303424835205, 75.41416692733765, 102.78434991836548, 103.78138375282288]
nauc_scores: [0.06390544564731226, 0.08228880452780318, 0.18296574883010885, 0.3949773596771329, 0.5386609836643772, 0.6027590030516046, 0.6322577738777442, 0.6630013003993236, 0.6546758346169146, 0.6546758346169146]
accuracy: [0.2541059576245553, 0.2611250220859855, 0.2800757259091614, 0.3497689482730179, 0.41374707707358155, 0.4465231660179383, 0.4447391656723701, 0.4535556494088424, 0.4473589260393145, 0.4473589260393145]
alc_std: 0.0073096117706215645
nauc_var: 9.935685538682495e-05
nauc_mean: 0.6510530377031285
alc_mean: 0.5648199374577496
nauc_std: 0.009967790898028758
alc_var: 5.343042423720933e-05
