score: 0.6864105824436781
Duration: 39.51765489578247
timestamps: [6.681227445602417, 8.228686094284058, 16.23272466659546, 24.71103000640869, 33.85783529281616, 37.43428087234497, 39.51765489578247]
nauc_scores: [0.5148942190396189, 0.6788677983723992, 0.6780242720105294, 0.7472322593821792, 0.7396717180289691, 0.7520711384197301, 0.713398249545929]
accuracy: [0.48689204809577746, 0.5514658791121235, 0.585490992984137, 0.6354505481695178, 0.6550472987266338, 0.6841784397812621, 0.6611933454760417]
nauc_var: 0.0003342224964147507
alc_var: 0.00011335511214218283
alc_std: 0.010646835780746449
nauc_std: 0.018281753100147444
alc_mean: 0.6968378162561173
nauc_mean: 0.7082199531372858
