score: -0.11364165906250127
Duration: 69.54457092285156
timestamps: [30.03365397453308, 32.999072551727295, 35.94872856140137, 39.08100986480713, 42.417383909225464, 46.229570627212524, 50.93385124206543, 57.43565249443054, 67.41921329498291, 69.54457092285156]
nauc_scores: [-0.001047525774515612, -0.0012337041868617504, -0.0025527449067936914, -0.009777994498952891, 0.010938307891130261, -0.02332435224242846, -0.07048339556076699, -0.07049969024265901, -0.14436793399445347, -0.14626969723396077]
accuracy: [0.00012221580378877432, 0.00020196556218863982, 0.0005903112404008925, 0.21078206195950006, 0.08045313025289035, 0.33505627433308804, 0.3628837828143287, 0.2805205505531039, 0.3798353376595583, 0.3798267088378452]
alc_var: 3.393293068753766e-05
alc_std: 0.005825197909731279
nauc_mean: -0.1474814619482226
nauc_std: 0.004785383362286907
nauc_var: 2.289989392405234e-05
alc_mean: -0.11244367978254688
