score: -0.015331634516211648
Duration: 65.33886051177979
timestamps: [26.20177435874939, 33.97680377960205, 45.040231227874756, 63.14698338508606, 65.33886051177979]
nauc_scores: [-0.014076802383732656, 0.08279485955449406, 0.06173241508624305, -0.012238540733376047, -0.02785206289269826]
accuracy: [0.25013377802183573, 0.2505121268700135, 0.25008963742763785, 0.2511325514522384, 0.25126665206833465]
alc_var: 0.0003097479519945162
nauc_std: 0.05019663575625992
nauc_var: 0.0025197022412466316
alc_mean: -0.02784618017837014
alc_std: 0.017599657723788728
nauc_mean: -0.02250718627018893
