score: 0.6713185337218791
Duration: 30.436169147491455
timestamps: [5.167123079299927, 6.529754400253296, 13.131244897842407, 20.81407928466797, 28.7344651222229, 30.436169147491455]
nauc_scores: [0.534208111068067, 0.6346195652897424, 0.7048649495828934, 0.6662467838931512, 0.748471495020415, 0.6931180555278211]
accuracy: [0.4900321507158324, 0.5870904016457326, 0.6368781154988921, 0.6061266716099583, 0.6620433387418632, 0.6258248545473964]
nauc_std: 0.015401357264281003
alc_var: 0.0002753363966260987
alc_std: 0.016593263591774186
nauc_mean: 0.6963718179473232
alc_mean: 0.6633650599999974
nauc_var: 0.0002372018055820212
