score: 0.8729228226173091
Duration: 749.52024269104
timestamps: [5.778193950653076, 9.863070487976074, 14.899511098861694, 21.745121002197266, 36.61289381980896, 58.287522077560425, 90.56269788742065, 129.91345524787903, 177.63458847999573, 327.7434961795807, 397.3274796009064, 469.7978217601776, 749.52024269104]
nauc_scores: [0.2405710885540786, 0.4685962918751172, 0.6389499787362305, 0.8149331715869932, 0.8888034571469248, 0.911645511873989, 0.9325973649187984, 0.9401518066045156, 0.9519406593511581, 0.951004488441763, 0.9521621156805467, 0.9548331101176608, 0.9570433725085723]
accuracy: [0.00588778068464884, 0.007789195024769598, 0.011902589955734703, 0.030241287669526246, 0.10043516512980988, 0.18176036220626568, 0.25478046559709255, 0.31055626181456153, 0.3705696089940005, 0.39958469993569085, 0.4134548785631661, 0.4324728298429103, 0.445426329612095]
alc_std: 0.001128110889119993
alc_var: 1.272634178151101e-06
nauc_std: 0.000656731146983387
nauc_var: 4.3129579941811496e-07
nauc_mean: 0.9570861436530531
alc_mean: 0.8734614296437639
