score: 0.6797033158281435
Duration: 1172.8604352474213
timestamps: [50.09109091758728, 61.444947957992554, 92.19632959365845, 119.17432594299316, 134.92559504508972, 156.0716896057129, 204.85387110710144, 235.4838638305664, 247.66156125068665, 262.79414463043213, 279.78391885757446, 301.44904375076294, 311.8830192089081, 324.9888379573822, 338.1919963359833, 351.18721199035645, 379.48017835617065, 395.31085562705994, 412.05228900909424, 427.97060990333557, 448.1749596595764, 461.4319820404053, 475.60647463798523, 492.0702340602875, 511.63452410697937, 521.686600446701, 611.3803148269653, 686.962030172348, 716.6863265037537, 820.6607077121735, 851.2573907375336, 889.7931230068207, 928.5340692996979, 981.7289969921112, 1049.0594947338104, 1073.740977048874, 1106.8437023162842, 1132.3607003688812, 1172.8604352474213]
nauc_scores: [0.49797212586832407, 0.8189119240861, 0.9203238963682794, 0.9203238963682794, 0.9203238963682794, 0.9203238963682794, 0.921373238423123, 0.9219339370202844, 0.9203950862439156, 0.9192046266050538, 0.9197269751528478, 0.9197031585544284, 0.9232566845271382, 0.8164776132784044, 0.819083619527434, 0.8283028821325971, 0.8283028821325971, 0.8283028821325971, 0.8283028821325971, 0.8283028821325971, 0.8283028821325971, 0.8283028821325971, 0.8283028821325971, 0.8283028821325971, 0.8283028821325971, 0.8283028821325971, 0.8283028821325971, 0.8283028821325971, 0.8283028821325971, 0.8283028821325971, 0.8283028821325971, 0.8283028821325971, 0.8283028821325971, 0.8283028821325971, 0.8283028821325971, 0.8283028821325971, 0.8283028821325971, 0.8283028821325971, 0.8283028821325971]
accuracy: [0.03326145770138579, 0.09315932554913123, 0.19069992857578544, 0.19069992857578544, 0.19069992857578544, 0.19069992857578544, 0.16806868935111605, 0.18462435010803482, 0.19268407373963214, 0.20108398199174046, 0.2129759329471626, 0.22197814032772514, 0.24075265786024272, 0.25495542697194457, 0.26674606040119353, 0.28108481738202273, 0.28108481738202273, 0.28108481738202273, 0.28108481738202273, 0.28108481738202273, 0.28108481738202273, 0.28108481738202273, 0.28108481738202273, 0.28108481738202273, 0.28108481738202273, 0.28108481738202273, 0.28108481738202273, 0.28108481738202273, 0.28108481738202273, 0.28108481738202273, 0.28108481738202273, 0.28108481738202273, 0.28108481738202273, 0.28108481738202273, 0.28108481738202273, 0.28108481738202273, 0.28108481738202273, 0.28108481738202273, 0.28108481738202273]
alc_var: 6.558741787231564e-06
alc_std: 0.0025610040584176283
nauc_std: 0.005290939853843939
nauc_mean: 0.8277856379331856
nauc_var: 2.7994044536994125e-05
alc_mean: 0.6783473285608125
