score: -0.01355913059415532
Duration: 34.17451620101929
timestamps: [9.579028844833374, 11.27295970916748, 12.875346660614014, 14.7437744140625, 16.556694746017456, 18.37274432182312, 20.413038969039917, 22.544130325317383, 25.132566928863525, 28.319518089294434, 33.20521259307861, 34.17451620101929]
nauc_scores: [-0.0015890089380805605, -0.0047160638888144035, 0.006348906399216592, 0.001368550910621824, 0.0008620789643287718, 0.0028653069030670775, -0.005541909496364239, -0.03678917456093789, -0.011392949681450326, -0.01584410095158728, -0.01647234200415948, -0.014921547328791585]
accuracy: [0.05618486177979704, 0.05809103961393297, 0.05983816313811135, 0.08228960701280841, 0.07446005035626284, 0.06950265499933554, 0.10547222428508916, 0.06991455543382565, 0.09677397438229993, 0.09708878306459673, 0.09647192013040512, 0.09630848205645966]
nauc_mean: -0.014364934839369214
nauc_var: 1.699816135937669e-05
alc_std: 0.005996189923466905
alc_mean: -0.018101865550015146
nauc_std: 0.004122882651662146
alc_var: 3.595429359828605e-05
