score: 0.7796299759374979
Duration: 47.347325801849365
timestamps: [1.1112732887268066, 1.7709572315216064, 2.5694103240966797, 9.009159564971924, 9.667776823043823, 10.213653802871704, 10.715741157531738, 11.292202711105347, 13.906285762786865, 14.76236891746521, 15.65397047996521, 16.39879035949707, 17.14579749107361, 17.892374515533447, 20.618506908416748, 21.558013916015625, 22.289891004562378, 23.066964149475098, 23.887253046035767, 24.65597677230835, 25.475074529647827, 26.217861652374268, 29.062761306762695, 30.112335205078125, 31.21613335609436, 32.18416714668274, 33.1517231464386, 34.1240816116333, 36.41866111755371, 37.1603307723999, 37.83871293067932, 38.56906580924988, 39.244147300720215, 42.090900182724, 43.130462408065796, 44.116573095321655, 45.00379776954651, 45.924694299697876, 46.92887210845947, 47.347325801849365]
nauc_scores: [-0.029421911489394548, 0.6614990446413063, 0.696876266574026, 0.696876266574026, 0.7428963291065949, 0.7428963291065949, 0.7428963291065949, 0.7428963291065949, 0.7428963291065949, 0.7428963291065949, 0.7444089803717213, 0.7444089803717213, 0.7444089803717213, 0.7444089803717213, 0.7705160866963889, 0.7705160866963889, 0.7705160866963889, 0.7705160866963889, 0.7705160866963889, 0.7705160866963889, 0.7705160866963889, 0.7705160866963889, 0.7796547198579509, 0.7796547198579509, 0.7796547198579509, 0.7796547198579509, 0.7796547198579509, 0.7796547198579509, 0.7898138498060332, 0.7898138498060332, 0.7898138498060332, 0.7898138498060332, 0.7898138498060332, 0.792653388145832, 0.792653388145832, 0.792653388145832, 0.792653388145832, 0.792653388145832, 0.792653388145832, 0.7951979956767605]
accuracy: [0.48957952706802077, 0.573299602416254, 0.5901178647106701, 0.5901178647106701, 0.7549643593826711, 0.7549643593826711, 0.7549643593826711, 0.7549643593826711, 0.7549643593826711, 0.7549643593826711, 0.7734599815928384, 0.7734599815928384, 0.7734599815928384, 0.7734599815928384, 0.7642121798329854, 0.7642121798329854, 0.7642121798329854, 0.7642121798329854, 0.7642121798329854, 0.7642121798329854, 0.7642121798329854, 0.7642121798329854, 0.7674608426028293, 0.7674608426028293, 0.7674608426028293, 0.7674608426028293, 0.7674608426028293, 0.7674608426028293, 0.7681091146503682, 0.7681091146503682, 0.7681091146503682, 0.7681091146503682, 0.7681091146503682, 0.7627390067843004, 0.7627390067843004, 0.7627390067843004, 0.7627390067843004, 0.7627390067843004, 0.7627390067843004, 0.763601341863769]
nauc_std: 0.006404502850539126
alc_var: 8.32086330262426e-05
alc_std: 0.009121876617573963
alc_mean: 0.7776027950925396
nauc_mean: 0.7946786578432332
nauc_var: 4.10176567625638e-05
