score: 0.7822345968195472
Duration: 250.65323948860168
timestamps: [46.78521776199341, 57.423840045928955, 78.30345273017883, 130.98539209365845, 149.25174951553345, 152.7799105644226, 168.48676753044128, 171.3499629497528, 186.9842758178711, 189.8458812236786, 205.68372201919556, 209.03354692459106, 225.59415364265442, 250.65323948860168]
nauc_scores: [0.6123968901842864, 0.8550153331699903, 0.9202708449803387, 0.9997236306246549, 0.9997480816367037, 0.9997480816367037, 0.9997627639277278, 0.9997627639277278, 0.9997639032113586, 0.99975516148188, 0.9998789736870632, 0.9998864838024837, 0.9998966590736387, 0.9998966590736387]
accuracy: [0.04225300779717795, 0.10881573250872668, 0.31485058372572694, 0.778698408890767, 0.7717396834812856, 0.7717396834812856, 0.810008856594788, 0.810008856594788, 0.8146365011356641, 0.8161790497650985, 0.8187156850866683, 0.8202376622496955, 0.8245798159041183, 0.8245798159041183]
alc_var: 1.3708894513579474e-07
alc_std: 0.0003702552432252577
nauc_mean: 0.9998972300296549
nauc_std: 3.029421184197342e-05
nauc_var: 9.177392711263626e-10
alc_mean: 0.782243705409092
