score: 0.8169074323267521
Duration: 127.39070248603821
timestamps: [31.99872660636902, 38.841031074523926, 50.34355854988098, 63.818663120269775, 78.3781886100769, 96.14587140083313, 115.25156545639038, 127.39070248603821]
nauc_scores: [0.23150888098200584, 0.686272366871822, 0.911318641979139, 0.9634725197746747, 0.9809347485897351, 0.984519604716088, 0.9879985332171588, 0.9888964418489539]
accuracy: [0.5541994115140326, 0.6830171680936196, 0.8273201764065979, 0.8791589331020457, 0.9108903466293837, 0.9288700748657015, 0.930709912141622, 0.928299779998687]
alc_mean: 0.8168568505507894
nauc_var: 2.7325233595939843e-08
nauc_mean: 0.9888835814866391
nauc_std: 0.00016530345911667984
alc_var: 3.524625097606615e-08
alc_std: 0.00018773984919581179
