score: 0.7751486047559377
Duration: 683.0202312469482
timestamps: [11.970743179321289, 74.75210762023926, 109.18577432632446, 130.50193405151367, 151.6484088897705, 180.92338728904724, 194.87382745742798, 204.5726511478424, 214.53009796142578, 233.02819061279297, 284.04388451576233, 299.97047877311707, 316.7825322151184, 336.0751757621765, 363.6081368923187, 377.82590341567993, 389.3348157405853, 400.77562737464905, 422.7457001209259, 442.1019837856293, 462.163446187973, 481.57335352897644, 512.1703548431396, 520.8336107730865, 527.7430765628815, 534.3851094245911, 541.0059473514557, 558.1426837444305, 576.4802982807159, 597.9095585346222, 615.1154291629791, 644.5674302577972, 653.2641491889954, 659.8772037029266, 666.4586582183838, 683.0202312469482]
nauc_scores: [0.5544771450119337, 0.7534478039442662, 0.905615839541206, 0.905615839541206, 0.905615839541206, 0.905710347708991, 0.9064795756800723, 0.9064795756800723, 0.9064795756800723, 0.9106689303430158, 0.9106689303430158, 0.915982597046467, 0.915982597046467, 0.915982597046467, 0.9213013212942194, 0.9213013212942194, 0.9213013212942194, 0.9213013212942194, 0.9232101538594071, 0.9232101538594071, 0.9232101538594071, 0.9232101538594071, 0.9234237281768432, 0.9234237281768432, 0.9234237281768432, 0.9234237281768432, 0.9234237281768432, 0.9238630962864496, 0.9238630962864496, 0.9238630962864496, 0.9238630962864496, 0.9241912295119823, 0.9241912295119823, 0.9241912295119823, 0.9241912295119823, 0.9240657327260657]
accuracy: [0.8957215000224191, 0.6901434639461065, 0.9352945291525331, 0.9352945291525331, 0.9352945291525331, 0.931079414659511, 0.941172322119739, 0.941172322119739, 0.941172322119739, 0.9385479070168993, 0.9385479070168993, 0.9398841021188451, 0.9398841021188451, 0.9398841021188451, 0.9371408810109165, 0.9371408810109165, 0.9371408810109165, 0.9371408810109165, 0.9388403069721488, 0.9388403069721488, 0.9388403069721488, 0.9388403069721488, 0.9384691443165266, 0.9384691443165266, 0.9384691443165266, 0.9384691443165266, 0.9384691443165266, 0.9377440516694798, 0.9377440516694798, 0.9377440516694798, 0.9377440516694798, 0.9379831308867648, 0.9379831308867648, 0.9379831308867648, 0.9379831308867648, 0.938252319694504]
nauc_var: 3.1968019950458585e-06
nauc_mean: 0.9233376565222253
nauc_std: 0.001787960289001369
alc_std: 0.0007839479089648289
alc_mean: 0.775217703735068
alc_var: 6.145743239703275e-07
