score: 0.08924802780776919
Duration: 800.1718008518219
timestamps: [586.6046624183655, 600.2412016391754, 605.1554675102234, 616.496876001358, 657.7321450710297, 800.1718008518219]
nauc_scores: [0.2660150497681504, 0.2660150497681504, 0.32658828464721923, 0.39033383141350586, 0.41909148471808066, 0.4183676765622417]
accuracy: [0.2772720290908994, 0.2772720290908994, 0.3159927195619087, 0.383108218976482, 0.3800480656839556, 0.34481137312040944]
nauc_var: 3.0583335412967203e-06
alc_std: 0.0006015401299157111
alc_mean: 0.08915115637443724
nauc_std: 0.001748809178068528
alc_var: 3.618505278990107e-07
nauc_mean: 0.41878352766213106
