score: 0.9421731507450343
Duration: 154.97611117362976
timestamps: [1.1202139854431152, 5.94634485244751, 11.205343246459961, 12.18539023399353, 13.30472993850708, 15.500399827957153, 17.740181922912598, 19.900230169296265, 23.74680471420288, 27.041414737701416, 27.92383575439453, 29.0539391040802, 31.736665964126587, 34.40272808074951, 36.81807994842529, 41.3622829914093, 45.800130128860474, 47.452292919158936, 49.24624538421631, 51.64147639274597, 54.009305238723755, 56.31581449508667, 60.69521236419678, 63.106672525405884, 64.05104947090149, 65.24940896034241, 67.89888048171997, 70.67045402526855, 73.48808765411377, 79.03488087654114, 82.42462301254272, 83.82767367362976, 85.34846782684326, 88.27552056312561, 91.10681676864624, 93.7338559627533, 98.65615630149841, 101.16418266296387, 102.1032121181488, 103.27847075462341, 106.13582491874695, 108.97636151313782, 111.82273840904236, 117.14589047431946, 119.83710384368896, 120.79032349586487, 121.93560290336609, 124.55403304100037, 127.30495166778564, 129.97410321235657, 135.9702343940735, 138.5464551448822, 139.41847014427185, 140.39434027671814, 143.18394446372986, 145.86057543754578, 148.6330852508545, 154.97611117362976]
nauc_scores: [0.8388622338562328, 0.9170596786550553, 0.9372764784619754, 0.9416272163249317, 0.9429314067354793, 0.9342612304080848, 0.9342612304080848, 0.9342612304080848, 0.9390090229144383, 0.9390090229144383, 0.9390090229144383, 0.9390090229144383, 0.9390090229144383, 0.9390090229144383, 0.9390090229144383, 0.9463751773359235, 0.9463751773359235, 0.9463751773359235, 0.9463751773359235, 0.9463751773359235, 0.9463751773359235, 0.9463751773359235, 0.9493512952616772, 0.9493512952616772, 0.9493512952616772, 0.9493512952616772, 0.9493512952616772, 0.9493512952616772, 0.9493512952616772, 0.952369916536556, 0.952369916536556, 0.952369916536556, 0.952369916536556, 0.952369916536556, 0.952369916536556, 0.952369916536556, 0.9536757387405417, 0.9536757387405417, 0.9536757387405417, 0.9536757387405417, 0.9536757387405417, 0.9536757387405417, 0.9536757387405417, 0.9544271661605186, 0.9544271661605186, 0.9544271661605186, 0.9544271661605186, 0.9544271661605186, 0.9544271661605186, 0.9544271661605186, 0.9546936835450421, 0.9546936835450421, 0.9546936835450421, 0.9546936835450421, 0.9546936835450421, 0.9546936835450421, 0.9546936835450421, 0.9545714530247533]
accuracy: [0.4295808379607797, 0.5270976069033149, 0.5665806172874006, 0.6100827717667804, 0.6451598451469868, 0.6893710489184237, 0.6893710489184237, 0.6893710489184237, 0.668448876079746, 0.668448876079746, 0.668448876079746, 0.668448876079746, 0.668448876079746, 0.668448876079746, 0.668448876079746, 0.70022261934311, 0.70022261934311, 0.70022261934311, 0.70022261934311, 0.70022261934311, 0.70022261934311, 0.70022261934311, 0.7059885862393194, 0.7059885862393194, 0.7059885862393194, 0.7059885862393194, 0.7059885862393194, 0.7059885862393194, 0.7059885862393194, 0.7088498046192295, 0.7088498046192295, 0.7088498046192295, 0.7088498046192295, 0.7088498046192295, 0.7088498046192295, 0.7088498046192295, 0.7110495618684847, 0.7110495618684847, 0.7110495618684847, 0.7110495618684847, 0.7110495618684847, 0.7110495618684847, 0.7110495618684847, 0.7133425847552652, 0.7133425847552652, 0.7133425847552652, 0.7133425847552652, 0.7133425847552652, 0.7133425847552652, 0.7133425847552652, 0.7146613791355375, 0.7146613791355375, 0.7146613791355375, 0.7146613791355375, 0.7146613791355375, 0.7146613791355375, 0.7146613791355375, 0.7132234683657258]
nauc_mean: 0.9544472586859793
alc_var: 5.251222310377689e-06
alc_mean: 0.9433658979533422
nauc_std: 0.0022801139758932814
alc_std: 0.0022915545619464723
nauc_var: 5.198919743063868e-06
