score: -0.00638424605182518
Duration: 857.2004563808441
timestamps: [57.58796787261963, 103.6194920539856, 148.30481338500977, 199.4605474472046, 257.01969027519226, 329.40167927742004, 429.2478451728821, 587.1113178730011, 857.2004563808441]
nauc_scores: [-0.017067010202165944, -0.017357412584877885, -0.023267119460542163, -0.014440629176793784, -0.003700060927237847, -0.004041400483011048, -0.0025852548668013897, -0.002113273620813816, 0.004845450236072635]
accuracy: [0.01854521881852082, 0.018591345392816105, 0.018829937686816647, 0.0199141951977727, 0.022173889566438752, 0.022919705841753648, 0.02190160331382148, 0.02193617421700615, 0.022043196561032114]
alc_std: 0.00997538374919088
nauc_std: 0.007798196658528006
alc_var: 9.950828094362151e-05
nauc_var: 6.081187112507736e-05
alc_mean: -0.008315852742905663
nauc_mean: 0.008365313110299621
