score: 0.0007064151670266301
Duration: 593.9887499809265
timestamps: [29.427943229675293, 51.26799726486206, 73.56450653076172, 98.30367875099182, 126.54652547836304, 160.9727725982666, 206.7838339805603, 274.7782783508301, 388.360976934433, 593.9887499809265]
nauc_scores: [-0.006323237880251353, -0.005228129945944571, -0.0028351350329184344, -0.0018735437977439595, -0.004127391207464748, -0.002876488438814606, 0.005741039141020643, 0.005782717733975096, 0.005710139153487059, 0.0020880920318113727]
accuracy: [0.02034528305679851, 0.020316820801264342, 0.020248818254347135, 0.020081224422316607, 0.019741321969925386, 0.019582535819731545, 0.0198133035363754, 0.01981405924760557, 0.019801075819301756, 0.019806475306125827]
alc_std: 0.015264182765241576
nauc_var: 0.00017296628781011893
alc_var: 0.00023299527549069796
nauc_mean: 0.005052392319082599
alc_mean: -0.0012601364999821354
nauc_std: 0.01315166483035965
