score: 0.00613405508086471
Duration: 731.0041658878326
timestamps: [26.83986806869507, 45.1550612449646, 65.00178456306458, 87.1233983039856, 114.24589729309082, 148.22333765029907, 199.78669953346252, 285.07838249206543, 444.0732126235962, 731.0041658878326]
nauc_scores: [0.034783072636434875, 0.008278336974681277, 0.003262189275692551, -0.01947231691555229, 0.007435488420183045, 0.014114949665624987, 0.0040329239789540505, 0.026084695964532667, 0.00355223475676536, -0.008005823986984462]
accuracy: [0.22187980801967253, 0.23386280680513513, 0.2342293661356536, 0.22037298905540506, 0.1995648884129554, 0.2190779235528429, 0.20948933533555816, 0.21873191174838277, 0.20996662380329256, 0.21961441296628634]
nauc_std: 0.03439597838142807
alc_mean: -0.0005377263449787055
alc_var: 0.00015190387396606542
nauc_var: 0.0011830833288156673
nauc_mean: -0.009106577535597548
alc_std: 0.012324928963935874
