score: 0.01687454470122892
Duration: 853.1174457073212
timestamps: [58.930429220199585, 95.15049815177917, 135.0791299343109, 185.73051071166992, 253.2873284816742, 357.073522567749, 532.8559336662292, 853.1174457073212]
nauc_scores: [0.019604002080041205, 0.017130711577462376, 0.02031910196774689, 0.012175562641199678, 0.007016781167817454, 0.016264173277272587, 0.04436724532924319, 0.023918844769353242]
accuracy: [0.06333068070073773, 0.06321380270499377, 0.0628240623747244, 0.061913905961434645, 0.0640900158899772, 0.06285512227341025, 0.06287130297827016, 0.06322907042073697]
alc_var: 0.0005001468755759835
nauc_std: 0.024132147514182026
alc_std: 0.022363963771567498
nauc_var: 0.0005823605436462418
nauc_mean: 0.021321921778496754
alc_mean: 0.019611128387299233
