score: 0.7771104826487518
Duration: 1154.0387074947357
timestamps: [0.4362602233886719, 0.6413493156433105, 0.9680149555206299, 1.3491160869598389, 1.8376445770263672, 2.533539295196533, 3.5924508571624756, 5.432641267776489, 8.915599822998047, 12.46639609336853, 16.074235439300537, 19.152844429016113, 68.70611262321472, 119.0358157157898, 174.56228351593018, 217.61356472969055, 269.190993309021, 327.74483251571655, 386.9599130153656, 437.54014015197754, 495.4836354255676, 544.3607296943665, 602.9069311618805, 656.8255748748779, 702.7663698196411, 753.4420220851898, 804.3772420883179, 850.3837766647339, 906.7946486473083, 947.8747498989105, 1000.6381185054779, 1052.5919716358185, 1101.8975303173065, 1154.0387074947357]
nauc_scores: [0.6047577194927243, 0.6444809545989059, 0.6626951577430193, 0.6822501151667764, 0.7001692418599808, 0.7147381125855483, 0.7370288040794495, 0.7573362617994834, 0.7697390917785139, 0.7721234218458513, 0.774606850266192, 0.7706792784351575, 0.7819141207932501, 0.783616827062027, 0.7837887415249845, 0.7834830105563921, 0.7842064143158236, 0.7844328526904634, 0.7847115948249903, 0.7846617596370848, 0.7851126869628322, 0.785446923524967, 0.7857450812712237, 0.7857051206521504, 0.7857417318816586, 0.7855647328309465, 0.7854435176600183, 0.7854630415943991, 0.7858470570538356, 0.7856755824234736, 0.7855454640132715, 0.7854076314503975, 0.7854193551671842, 0.7856644163024473]
accuracy: [0.26415788656105293, 0.2780080237701928, 0.3024997459203441, 0.3452909542320303, 0.4042573043907727, 0.4605293805275679, 0.5025287313266154, 0.5312014415887946, 0.549915066958378, 0.5510204820579988, 0.5526355131165317, 0.5460143273671532, 0.5600180482993848, 0.5646157116746395, 0.5672051877696481, 0.5674372242133963, 0.568819852165164, 0.5702053776165807, 0.5712946171139291, 0.5714452243448547, 0.5722277160471465, 0.5723043959758568, 0.5727484494723467, 0.573109107310928, 0.5730439520297904, 0.573085351221395, 0.5729725392927107, 0.572879709884833, 0.5731216038934096, 0.5728289833412621, 0.5729794209424328, 0.5729519300027479, 0.5729071175168902, 0.5730446288439632]
alc_std: 0.006718318486973909
alc_var: 4.5135803292415395e-05
alc_mean: 0.7770750531741158
nauc_mean: 0.7869454058090372
nauc_std: 0.009370068491120492
nauc_var: 8.779818352828906e-05
