score: -0.020033777214300337
Duration: 16.35223960876465
timestamps: [4.94474983215332, 6.386859893798828, 7.804220676422119, 9.36452579498291, 10.803825616836548, 12.329015254974365, 14.072967529296875, 15.923592805862427, 16.35223960876465]
nauc_scores: [0.03177110474205325, 0.000650777797077895, -0.006846134174820939, 0.014259211008820216, 0.013944980024318099, 0.009463720494856442, -0.021538996004863642, -0.015472106421168363, -0.022024516048095855]
accuracy: [0.4730769443341077, 0.4717395012952545, 0.44871910161178175, 0.4344771761777093, 0.4244253728846514, 0.4400334105541131, 0.4343568820294046, 0.49248273678254917, 0.4936877572423038]
nauc_var: 0.0002514890862062039
alc_var: 0.00017155457902500088
alc_mean: -0.02312739986936466
nauc_std: 0.015858407429694948
nauc_mean: -0.02544607037950768
alc_std: 0.013097884524800213
