score: 0.1072950488771536
Duration: 195.76623916625977
timestamps: [45.709423542022705, 56.32217073440552, 67.26037549972534, 78.11110949516296, 89.72933959960938, 102.0812578201294, 115.95711517333984, 133.00059819221497, 154.99083280563354, 186.4130084514618, 195.76623916625977]
nauc_scores: [-0.04164506822144909, -0.04003185663241138, -0.03379165015423724, -0.014400377299750966, -0.012600260074927205, -0.017184656569577905, -0.017672910149585053, -0.0054826675387119606, 0.030189846141692067, 0.20754854149601143, 0.20754854149601143]
accuracy: [0.0038696372771270197, 0.0038876364961048186, 0.003898921534165101, 0.003551792132742389, 0.005033016792092514, 0.005479523341347045, 0.006019197962589442, 0.005809921129350459, 0.006321413811654998, 0.011265927040629795, 0.011265927040629795]
nauc_mean: 0.20985859422538694
alc_var: 1.9016808604686273e-05
nauc_var: 2.2618163907057448e-05
alc_std: 0.0043608265964936365
alc_mean: 0.11039624636821514
nauc_std: 0.00475585574918515
