score: 0.959711831325049
Duration: 98.00935864448547
timestamps: [3.312061071395874, 5.233480930328369, 9.875473737716675, 15.561958074569702, 23.430699110031128, 33.11560249328613, 45.71286916732788, 59.38167858123779, 74.83737969398499, 93.94929122924805, 98.00935864448547]
nauc_scores: [0.4844199852078761, 0.5840100704865137, 0.8437886146853615, 0.9754590114761765, 0.9837569243067275, 0.9936756614168676, 0.9968575039337673, 0.9973309089369959, 0.9975070674249282, 0.9980382075753333, 0.9968264523154262]
accuracy: [0.5748657076335976, 0.5680773651629188, 0.7990496544531637, 0.872070538315206, 0.9200903444850896, 0.9415638026442344, 0.9686545076833363, 0.9738926138343689, 0.9613307175868111, 0.9799487945574774, 0.960768909132425]
alc_var: 2.2256532726635888e-07
nauc_mean: 0.9967906379239784
alc_std: 0.00047176829828461225
nauc_var: 5.889168857993153e-07
alc_mean: 0.959922771859439
nauc_std: 0.0007674092036191091
