score: 0.1284269986554225
Duration: 659.3743386268616
timestamps: [26.626389503479004, 44.548131227493286, 63.97330403327942, 85.02231931686401, 109.88220620155334, 142.90401363372803, 189.778817653656, 267.5070791244507, 404.71896481513977, 659.3743386268616]
nauc_scores: [0.0411242554067317, 0.05310125174355873, 0.14200562690286733, 0.12198679026666492, 0.12363776258531578, 0.17942824032412785, 0.12716233028596324, 0.17613482365812194, 0.19363268468910166, 0.16538906002538822]
accuracy: [0.05080942729377868, 0.05061275233332118, 0.05042672558986032, 0.05196773395773487, 0.05239967503730416, 0.05153894906654055, 0.05164913323825967, 0.05196190169339008, 0.05201885035038936, 0.05453231425223269]
alc_var: 5.46383237536588e-05
nauc_var: 0.00022620923381299994
nauc_mean: 0.16512590228903723
alc_std: 0.007391774059970908
alc_mean: 0.13829998642144925
nauc_std: 0.015040253781535734
