score: 0.8360316559754762
Duration: 69.53999876976013
timestamps: [2.5156819820404053, 3.579025983810425, 4.245581150054932, 5.874257326126099, 8.621657848358154, 11.726541996002197, 18.429930686950684, 21.399068117141724, 29.299336910247803, 37.30470514297485, 45.35379505157471, 52.307658195495605, 59.37475943565369, 69.53999876976013]
nauc_scores: [0.0, 0.055204935451937276, 0.07726337026312802, 0.09945140213832393, 0.07450460744583065, 0.08054639742419045, 0.1471956236247045, 0.1637043869314816, 0.2573766026722153, 0.4582516229097662, 0.8544157311383496, 0.8984136951860149, 0.9631323171671253, 0.9938785392979337]
accuracy: [0.6020942408376956, 0.5968904585008499, 0.37497558873185555, 0.41171147581336137, 0.44421342475894726, 0.5615598210746539, 0.5248548610107647, 0.5556625145415115, 0.4493902042738452, 0.5231410811722896, 0.7273884028277431, 0.7909367497729927, 0.8847540676776195, 0.946747082965994]
nauc_std: 0.0014590087582548026
nauc_mean: 0.9933007996899127
nauc_var: 2.1287065566642213e-06
alc_std: 0.0020709754645065023
alc_var: 4.288939374587923e-06
alc_mean: 0.8383358978119487
