score: 0.6942377140427042
Duration: 1195.6301183700562
timestamps: [0.9664030075073242, 1.7013211250305176, 2.451209783554077, 3.257650136947632, 4.29896354675293, 5.474797487258911, 6.785448312759399, 8.674820899963379, 11.499156713485718, 14.463517904281616, 17.514005661010742, 20.885481595993042, 24.498939514160156, 28.017543077468872, 31.567981958389282, 35.07066822052002, 63.62683963775635, 89.289799451828, 126.0969295501709, 158.7445206642151, 188.59517455101013, 217.43761944770813, 246.20273613929749, 274.82598400115967, 303.31520891189575, 330.92938113212585, 360.81402492523193, 390.1145124435425, 414.2625596523285, 440.8258581161499, 462.9072744846344, 487.6997067928314, 513.4455010890961, 541.3180494308472, 573.7604126930237, 600.6531960964203, 633.9426720142365, 666.19371342659, 703.5064532756805, 731.5935888290405, 757.7814209461212, 785.8446264266968, 810.9183294773102, 844.1379950046539, 870.2550084590912, 893.4640781879425, 923.941365480423, 954.4374272823334, 978.9296734333038, 1007.4449377059937, 1033.6310119628906, 1062.859671831131, 1093.1934988498688, 1119.496791601181, 1141.7904074192047, 1165.1141953468323, 1195.6301183700562]
nauc_scores: [0.12627848101265826, 0.19868354430379753, 0.18278481012658232, 0.19908860759493674, 0.22298734177215174, 0.2709873417721518, 0.23929113924050616, 0.3185822784810126, 0.2630886075949368, 0.2705822784810126, 0.278481012658228, 0.26258227848101257, 0.26258227848101257, 0.2550886075949368, 0.2708860759493672, 0.2630886075949368, 0.7931661772151897, 0.8140767594936709, 0.8297539240506331, 0.8349047088607595, 0.8372301772151896, 0.8445764050632913, 0.840875341772152, 0.8410057721518986, 0.8405387341772153, 0.8384976202531642, 0.8382914430379746, 0.8405403544303796, 0.8405107848101265, 0.8382128607594934, 0.838679088607595, 0.8389537215189873, 0.8375153417721517, 0.8373233417721517, 0.8381841012658229, 0.8381217215189873, 0.8401377215189871, 0.8429460253164556, 0.8418418227848101, 0.8416324050632911, 0.8335096708860759, 0.8339483544303796, 0.8331475443037977, 0.8334602531645567, 0.8334323037974682, 0.8328352405063291, 0.8329612151898733, 0.8326675443037974, 0.832243848101266, 0.8331353924050635, 0.8331884556962024, 0.8333695189873418, 0.8320623797468352, 0.8341306329113927, 0.834440911392405, 0.8346272405063289, 0.8350233924050634]
accuracy: [0.9873999999999987, 0.9886999999999987, 0.9885999999999987, 0.9890999999999988, 0.9892999999999987, 0.9898999999999988, 0.9897999999999987, 0.9900999999999988, 0.9898999999999988, 0.9894999999999987, 0.9894999999999987, 0.9893999999999987, 0.9893999999999987, 0.9897999999999987, 0.9897999999999987, 0.9898999999999988, 0.9857886108341952, 0.9846150623276193, 0.9842343326530996, 0.9840451816923597, 0.9839183554846135, 0.9837922265003274, 0.9836927018849309, 0.9836658095645691, 0.9835170249516177, 0.9834337556170154, 0.983379104450265, 0.9834311274994594, 0.9833305652454123, 0.9832573105016139, 0.9831692292358682, 0.9830539819492594, 0.9829602207935981, 0.9829933838021896, 0.9829324608686928, 0.9828875815895582, 0.9828865653429084, 0.9828399058177482, 0.9828657183374931, 0.9828644026679673, 0.9827644102772, 0.9827367049552252, 0.9826384307559891, 0.9826347784517712, 0.9826222845028778, 0.9825711434808836, 0.9825715031665062, 0.9825934299288621, 0.9825454481494528, 0.9825386955073347, 0.9825417220433214, 0.9825886220238775, 0.9825782919118276, 0.9825656843211563, 0.9825629008504723, 0.9825250046222269, 0.9825521482253129]
nauc_mean: 0.8422651267981314
nauc_var: 0.0005836071519302998
alc_var: 0.0007316910829063535
alc_std: 0.02704978896232563
alc_mean: 0.6954941241251624
nauc_std: 0.024157962495423735
