score: 0.4987954286078935
Duration: 978.2731323242188
timestamps: [30.582234621047974, 57.48983550071716, 82.98579239845276, 111.03609204292297, 139.90445709228516, 169.92900443077087, 200.58504986763, 235.2733976840973, 281.0858964920044, 349.6788365840912, 453.3479657173157, 635.9989750385284, 978.2731323242188]
nauc_scores: [0.0013025378683613198, 0.006175410540709914, 0.01790269460601901, 0.046933711895843055, 0.11653232065558616, 0.2796383715358248, 0.5830694453637455, 0.8526755215085777, 0.9402340575420507, 0.9608287932050035, 0.9692046678914696, 0.9699991658663847, 0.9678990251988346]
accuracy: [0.004967848883939133, 0.0050000768684849905, 0.005083635597953166, 0.005368641147260381, 0.006617602353175379, 0.009901546460302722, 0.01906207638740953, 0.07525968428746409, 0.24866648814345876, 0.40979604981063006, 0.49944122281916226, 0.5346468726689622, 0.551771691741579]
alc_mean: 0.5005142771241614
nauc_var: 1.8554073110129465e-06
nauc_mean: 0.9678567599642228
alc_std: 0.0021696989261999933
alc_var: 4.707593430353404e-06
nauc_std: 0.0013621333675572838
