score: 0.1432767819924716
Duration: 884.9080700874329
timestamps: [169.70433807373047, 327.7700922489166, 679.7813849449158, 685.9502701759338, 698.7740144729614, 738.7558557987213, 884.9080700874329]
nauc_scores: [0.1325791452379037, 0.23657254718470844, 0.2358468365569808, 0.3271224999168756, 0.3701701576970091, 0.4050837538867704, 0.41478280891732]
accuracy: [0.8030787283708285, 0.26278792761721576, 0.28810031220486004, 0.33422348776462213, 0.3277037612193955, 0.337246168984982, 0.37900326919361604]
nauc_mean: 0.41391347502345094
alc_mean: 0.14321950709310877
alc_var: 2.8083216805512386e-06
nauc_std: 0.0022516775929704628
nauc_var: 5.070051982685258e-06
alc_std: 0.001675804785931595
