score: -0.004607847345971437
Duration: 324.3887972831726
timestamps: [119.34114837646484, 164.43307995796204, 218.0645787715912, 287.1008949279785, 324.3887972831726]
nauc_scores: [0.011637285539825237, 0.012629508310978865, -0.004284224382235746, 0.002164128449972269, -0.015680209303617354]
accuracy: [0.010002197346493175, 0.009997463764895003, 0.009994290438101325, 0.00999821132273947, 0.009994025958587003]
alc_var: 5.082411395984583e-05
nauc_var: 8.834614008291543e-05
nauc_std: 0.009399262741455599
alc_mean: -0.0015657781515962903
alc_std: 0.00712910330685745
nauc_mean: -0.011647934329487486
