score: 0.30903767356339107
Duration: 1009.7436084747314
timestamps: [24.874010801315308, 45.33798813819885, 65.08506345748901, 84.64689087867737, 105.25305724143982, 128.9511375427246, 155.55854272842407, 188.0546612739563, 230.95604467391968, 300.1814765930176, 415.22122287750244, 625.6337239742279, 1009.7436084747314]
nauc_scores: [-0.6175991898734177, -0.6073061265822784, -0.5753304303797468, -0.4945879493670886, -0.26251989873417714, 0.24588881012658215, 0.6682446582278478, 0.7128332151898733, 0.7411110886075949, 0.7533476455696202, 0.7672595443037973, 0.7774416202531644, 0.7896850632911394]
accuracy: [0.9865638129638588, 0.9869661449462619, 0.9872040858932616, 0.9873216822255813, 0.9873630235114699, 0.9874304874341913, 0.9872405929343595, 0.9871493787211418, 0.986748777944647, 0.9875143627578254, 0.9874805586641434, 0.9882453398793878, 0.9878054699316546]
alc_std: 0.01766794916610572
alc_mean: 0.3087340703785834
nauc_var: 0.0016230962785523423
nauc_mean: 0.7865917102843694
nauc_std: 0.04028766906327968
alc_var: 0.00031215642773609585
