score: 0.8374904805189365
Duration: 50.94665217399597
timestamps: [28.650068759918213, 35.830156564712524, 37.04010820388794, 38.84120488166809, 40.577263832092285, 42.26502299308777, 43.93591666221619, 45.610801219940186, 47.29238820075989, 49.11201882362366, 50.94665217399597]
nauc_scores: [0.9422763543215489, 0.9422763543215489, 0.9422763543215489, 0.9505281980581954, 0.9568635392626295, 0.9588078825977586, 0.9582830804345086, 0.9587583053543525, 0.9613309359474975, 0.9616124873891316, 0.9616124873891316]
accuracy: [0.7499823581436829, 0.7499823581436829, 0.7499823581436829, 0.8171264126421394, 0.8277770794120405, 0.8374564268935374, 0.8376438183254197, 0.8377818373704811, 0.8424848467658516, 0.8410099493082778, 0.8410099493082778]
nauc_std: 0.0008034812250477715
alc_std: 0.0009040584782015504
alc_var: 8.173217320081033e-07
nauc_mean: 0.961943648379297
alc_mean: 0.8378547885959788
nauc_var: 6.455820790042677e-07
