score: 0.0
Duration: 745.6069464683533
timestamps: [35.98394703865051, 67.40117311477661, 99.28285694122314, 131.13032793998718, 163.6810314655304, 199.3615608215332, 236.4245207309723, 278.9611587524414, 333.8663249015808, 410.7859649658203, 533.2471282482147, 745.6069464683533]
nauc_scores: [0.0, 0.0, 0.0, 0.0, 0.0, 0.0, 0.0, 0.0, 0.0, 0.0, 0.0, 0.0]
accuracy: [0.24470630240063, 0.24502011351603378, 0.24599105531577192, 0.24634485196666647, 0.24801380119999966, 0.2508010865655798, 0.2502617220666664, 0.25074310002356637, 0.24958574233333305, 0.24941657888342084, 0.25267221830555137, 0.24874252493333304]
alc_mean: 0.0
nauc_var: 0.0
alc_std: 0.0
nauc_mean: 0.0
nauc_std: 0.0
alc_var: 0.0
