score: 0.8731159797312015
Duration: 1003.411951303482
timestamps: [6.445894241333008, 11.535771131515503, 24.10178565979004, 36.36369585990906, 54.76613712310791, 75.0050265789032, 97.52418780326843, 124.69994306564331, 153.86349320411682, 188.49751687049866, 225.06969475746155, 260.32720613479614, 302.1454567909241, 358.7303192615509, 404.0994794368744, 522.6906094551086, 566.7674016952515, 622.6955873966217, 858.7623941898346, 1003.411951303482]
nauc_scores: [0.4694743047003316, 0.660030515423041, 0.7897243818766106, 0.8500182515081212, 0.8886124405571445, 0.9094238025207864, 0.9160820573073147, 0.9252390008432536, 0.9336436934584669, 0.9340066487566525, 0.9403503464296501, 0.9454813956640067, 0.9436146710283675, 0.9567837538385606, 0.9620124035942803, 0.9670373965345214, 0.965588572035444, 0.9668012589382906, 0.9692080281667552, 0.9692080281667552]
accuracy: [0.006484614112199935, 0.013115025724626056, 0.010455597119560428, 0.054144683976537634, 0.11443295243048245, 0.17105891635909648, 0.18434264948936702, 0.23194086720965457, 0.25802354047097503, 0.26363113171872815, 0.29326398859057273, 0.31296162211693423, 0.29584068500307287, 0.36170888451053823, 0.39934615059490836, 0.4484857464721566, 0.44345944227808737, 0.4650696749259372, 0.4903513341951874, 0.4903513341951874]
nauc_var: 2.39120219733323e-07
alc_var: 3.943094367163435e-07
alc_mean: 0.8726345164562076
alc_std: 0.0006279406315220759
nauc_std: 0.000488999202180661
nauc_mean: 0.968733121284736
