score: 0.3624620429019171
Duration: 7.5084311962127686
timestamps: [3.341468334197998, 4.916818141937256, 6.984910011291504, 7.5084311962127686]
nauc_scores: [0.0770847644398649, -3.7566546453593475e-05, 0.3785234480703581, 0.3754113987524301]
accuracy: [0.27227879494687907, 0.0069524913093691534, 0.488565148028564, 0.4818440605268939]
nauc_std: 0.013579748735122986
alc_std: 0.011231710423756733
nauc_var: 0.00018440957570907434
alc_mean: 0.3643863177754779
alc_var: 0.00012615131904312568
nauc_mean: 0.3794812457596597
