score: 0.9008365588130827
Duration: 55.749470949172974
timestamps: [5.857929229736328, 10.546741247177124, 18.723804473876953, 41.427130460739136, 47.76602005958557, 49.40696668624878, 54.16238069534302, 55.749470949172974]
nauc_scores: [0.6336189928945806, 0.8339102776512555, 0.8931363378459971, 0.9238835187379835, 0.9334777770730343, 0.9334777770730343, 0.9459412927647901, 0.9459412927647901]
accuracy: [0.03853511327075726, 0.09222416075763612, 0.2640995183670703, 0.24237251650855193, 0.2927074068784365, 0.2927074068784365, 0.3212399976896989, 0.3212399976896989]
alc_mean: 0.9018804654064965
nauc_std: 0.006019068602971444
alc_var: 8.838633830758506e-06
nauc_mean: 0.9444036409516692
nauc_var: 3.622918684727662e-05
alc_std: 0.002972983994366351
