score: 0.8712729082544391
Duration: 49.27981185913086
timestamps: [17.81502938270569, 18.95223045349121, 25.244674921035767, 31.107980728149414, 40.815661907196045, 47.43672060966492, 49.27981185913086]
nauc_scores: [0.6156949991876972, 0.7864163977602783, 0.9463915009551311, 0.94967038704869, 0.9403330990083425, 0.9421331868306833, 0.9605198254972249]
accuracy: [0.3176734004002469, 0.47721643878509673, 0.7002029061832533, 0.714904238450372, 0.6813118959040093, 0.7161555736209545, 0.7294679996496334]
nauc_std: 0.00527401156753607
nauc_mean: 0.9609753223483064
alc_mean: 0.8726056189897073
alc_std: 0.002677578392324506
alc_var: 7.1694260470430865e-06
nauc_var: 2.7815198014504272e-05
