score: 0.7930666551462057
Duration: 102.09695863723755
timestamps: [34.757227420806885, 40.35173964500427, 48.42688274383545, 59.695979595184326, 77.54480314254761, 102.09695863723755]
nauc_scores: [0.23055978995473336, 0.45543918514000836, 0.6766048532930802, 0.919167265709423, 0.9661052429411674, 0.9814809034693845]
accuracy: [0.5293562567977804, 0.6058447104249111, 0.6907746188617262, 0.8376892175885394, 0.8926051506759222, 0.9148258857396734]
alc_var: 1.8850625965929542e-07
nauc_var: 2.0993843840496426e-08
alc_mean: 0.7930657480912217
nauc_mean: 0.9815785948204322
nauc_std: 0.0001448925251367248
alc_std: 0.00043417307569596647
