score: 0.9632512497271385
Duration: 1048.7271373271942
timestamps: [0.3847391605377197, 0.6569647789001465, 1.036778450012207, 1.4996161460876465, 2.4085898399353027, 3.9850621223449707, 6.987404823303223, 12.968358516693115, 25.06304955482483, 37.860464334487915, 50.91210389137268, 61.56214928627014, 226.85998392105103, 392.1096155643463, 553.9300565719604, 717.410717010498, 883.6321792602539, 1048.7271373271942]
nauc_scores: [0.4624998290844593, 0.5765082654429212, 0.6796664270789279, 0.7538136842707579, 0.8228506589669053, 0.8867384033320946, 0.931222684825481, 0.956398594353757, 0.969544409622771, 0.9702793632666267, 0.9713304627079247, 0.9684491489210341, 0.975243373562408, 0.9766502755008268, 0.9773095479973122, 0.9776070849242129, 0.9777822868865615, 0.977916801391822]
accuracy: [0.05549253019224679, 0.06434773277342318, 0.08092814334476761, 0.10964082783375498, 0.16080593489938563, 0.24031983546758195, 0.34173522277488577, 0.45572330439173536, 0.5685043341595072, 0.5742311926647726, 0.5787936368330631, 0.5415256995898098, 0.6458532671911034, 0.6815154357732229, 0.698259894735908, 0.7085027161699574, 0.7154032079195937, 0.7201688618966123]
nauc_var: 1.7435165097653734e-06
nauc_mean: 0.9779072468117154
alc_std: 0.0016016198162741384
alc_mean: 0.9633189258119215
nauc_std: 0.0013204228526367504
alc_var: 2.565186035882005e-06
