score: 0.624510126601714
Duration: 235.0038149356842
timestamps: [90.96392869949341, 106.02920532226562, 122.13528823852539, 138.15436959266663, 153.81523156166077, 169.836021900177, 185.94838953018188, 202.21225023269653, 218.63256645202637, 235.0038149356842]
nauc_scores: [0.00017700785240348793, 0.8400395100108642, 0.9298259526657489, 0.9402332003667442, 0.9397232344775106, 0.9413801210114172, 0.9436112663846896, 0.9434431017934033, 0.9438424292070489, 0.9438424292070489]
accuracy: [0.06668119897618394, 0.3868679546728582, 0.6466801530479199, 0.6913217042740392, 0.706632115211128, 0.7180560806523021, 0.7285168016842221, 0.7341468929532771, 0.738091291619996, 0.738091291619996]
nauc_std: 0.0023352879489083565
alc_std: 0.0009826613035449302
nauc_mean: 0.9442785778631793
alc_var: 9.656232374846212e-07
nauc_var: 5.453569804316599e-06
alc_mean: 0.623264033683558
