score: 0.8126154791504718
Duration: 114.23381876945496
timestamps: [3.681157350540161, 5.915590524673462, 11.370736837387085, 17.96484684944153, 27.047773122787476, 38.696762800216675, 51.306158781051636, 66.83306932449341, 85.38863897323608, 105.16581916809082, 111.77128767967224, 114.23381876945496]
nauc_scores: [0.22956984135147418, 0.4386540498439697, 0.6538750716635713, 0.7561129509791624, 0.8167455188495611, 0.8481427092767249, 0.8575465656702728, 0.8593025953065752, 0.8594109334192048, 0.8598793138849461, 0.8595998372341203, 0.8596013403064373]
accuracy: [0.02997662743342498, 0.03131318676115904, 0.061654204244711, 0.0936683932836656, 0.13119071192922357, 0.15705313473474072, 0.16765050423604777, 0.17162018499277323, 0.1694902424012345, 0.17214415045968132, 0.1712078735960586, 0.17196301597255817]
nauc_mean: 0.8588701332313825
nauc_std: 0.001645315620487785
nauc_var: 2.7070634910211044e-06
alc_mean: 0.8125905046455664
alc_var: 1.1705382466322937e-06
alc_std: 0.0010819141586245618
