score: 0.6898719482815484
Duration: 537.129588842392
timestamps: [20.138317823410034, 26.952296018600464, 34.23638963699341, 41.703121185302734, 50.13825988769531, 60.48345446586609, 74.15185689926147, 96.83899760246277, 131.85064911842346, 197.38556265830994, 317.10322523117065, 535.8908574581146, 537.129588842392]
nauc_scores: [0.7842337215189872, 0.35330673417721536, 0.4427147341772151, 0.7358456708860759, 0.7916123544303799, 0.797299443037975, 0.7658689620253165, 0.7900212658227845, 0.8292435443037975, 0.7758043544303797, 0.7945980759493669, 0.7697166582278481, 0.7697166582278481]
accuracy: [0.06375426596966359, 0.3378003943658436, 0.7509356979649504, 0.9586383498469613, 0.9791475814637465, 0.9755996200327649, 0.9792612728621501, 0.9770699943650459, 0.9834701794328894, 0.9825975974238826, 0.9795191931221441, 0.9797862334080283, 0.9797862334080283]
nauc_var: 0.002667009557807063
alc_mean: 0.6772860618451491
alc_std: 0.027027874127100206
nauc_mean: 0.7482909866361507
nauc_std: 0.05164309787190407
alc_var: 0.0007305059798303727
