score: 0.8027904061128578
Duration: 113.15959405899048
timestamps: [36.96658706665039, 45.96063828468323, 56.354676246643066, 69.8799204826355, 88.38644599914551, 108.26819586753845, 113.15959405899048]
nauc_scores: [0.2226938134262202, 0.8709678073583413, 0.9504902231130608, 0.9629484149051062, 0.9863043284076638, 0.9864587426122426, 0.9864587426122426]
accuracy: [0.5516338967625327, 0.8126920205962747, 0.8520819696126309, 0.8945898965808496, 0.9186750703191466, 0.930450156609063, 0.930450156609063]
nauc_var: 4.768668994898718e-08
alc_var: 1.2997350084676982e-07
alc_mean: 0.8029112591708975
nauc_mean: 0.9864532296962064
alc_std: 0.0003605183779598064
nauc_std: 0.0002183728232839132
