score: 0.6874400825157354
Duration: 15.217288494110107
timestamps: [4.6307923793792725, 5.261949062347412, 9.73031759262085, 13.988062381744385, 15.217288494110107]
nauc_scores: [0.5857739523967374, 0.6253414936359025, 0.6631292514403144, 0.7227472303096381, 0.7076879569833783]
accuracy: [0.505102326369011, 0.5739027752939327, 0.6512423525525339, 0.6763577732120631, 0.657017398896144]
nauc_var: 0.0002819255420715604
nauc_mean: 0.7091062860257332
nauc_std: 0.01679063852483164
alc_var: 0.00047119717589129954
alc_std: 0.021707076631626368
alc_mean: 0.6897976941399495
