score: 0.7751821628676306
Duration: 453.4338893890381
timestamps: [52.81804704666138, 75.4551043510437, 97.13649368286133, 103.98338413238525, 105.61334156990051, 107.0348448753357, 108.58806371688843, 109.90588426589966, 111.36538434028625, 112.88194346427917, 114.44307827949524, 115.84441566467285, 148.61913347244263, 151.3202621936798, 166.84386777877808, 169.28529596328735, 184.46746587753296, 186.61964178085327, 201.75517392158508, 203.85702776908875, 218.98085951805115, 221.10828161239624, 236.34311628341675, 285.318865776062, 290.7823233604431, 295.2148406505585, 337.56245279312134, 341.23759937286377, 345.1539161205292, 348.86789727211, 390.13002467155457, 393.8310968875885, 397.75864148139954, 401.5754597187042, 443.2981870174408, 446.59498953819275, 450.39065957069397, 453.4338893890381]
nauc_scores: [0.8451033701892283, 0.9353285714063324, 0.9495506021895344, 0.9495506021895344, 0.9495506021895344, 0.9495506021895344, 0.9495506021895344, 0.9495506021895344, 0.9495506021895344, 0.9495506021895344, 0.9495506021895344, 0.9495506021895344, 0.9973293470584652, 0.9973293470584652, 0.9985725918419408, 0.9985725918419408, 0.9991210541946165, 0.9991210541946165, 0.9994378655359848, 0.9994378655359848, 0.9995491586222887, 0.9995491586222887, 0.9995458768967151, 0.9995458768967151, 0.9995458768967151, 0.9995458768967151, 0.9998372030270846, 0.9998372030270846, 0.9998372030270846, 0.9998372030270846, 0.9998437840723597, 0.9998437840723597, 0.9998437840723597, 0.9998437840723597, 0.9998013180073064, 0.9998013180073064, 0.9998013180073064, 0.9998013180073064]
accuracy: [0.11460858786452838, 0.20239202257257977, 0.24848419057385968, 0.24848419057385968, 0.24848419057385968, 0.24848419057385968, 0.24848419057385968, 0.24848419057385968, 0.24848419057385968, 0.24848419057385968, 0.24848419057385968, 0.24848419057385968, 0.5154200803309437, 0.5154200803309437, 0.5973149620561027, 0.5973149620561027, 0.6500691845086359, 0.6500691845086359, 0.7185536409624028, 0.7185536409624028, 0.734909925513981, 0.734909925513981, 0.7666967331881183, 0.7666967331881183, 0.7666967331881183, 0.7666967331881183, 0.8061059304666212, 0.8061059304666212, 0.8061059304666212, 0.8061059304666212, 0.811573078832778, 0.811573078832778, 0.811573078832778, 0.811573078832778, 0.816141630926313, 0.816141630926313, 0.816141630926313, 0.816141630926313]
