score: 0.8481644756425042
Duration: 1016.3143110275269
timestamps: [6.372273921966553, 11.205159187316895, 20.149275302886963, 30.056282997131348, 41.34692883491516, 55.33786153793335, 72.27904987335205, 90.81361436843872, 111.46302843093872, 133.13469862937927, 158.5666642189026, 183.71581315994263, 212.57680773735046, 243.28436970710754, 275.3899803161621, 330.8217339515686, 366.9086995124817, 439.3236873149872, 589.0893216133118, 1016.3143110275269]
nauc_scores: [0.3949990914395298, 0.6376263332793906, 0.7522102957695722, 0.7690634098460152, 0.8361644897108997, 0.8477472658846303, 0.8533012756331397, 0.8827127192126489, 0.876927605077739, 0.900705129951608, 0.8940879030577633, 0.9080575866544054, 0.9026809215337497, 0.9284017585791988, 0.9298923150558323, 0.9380740403116383, 0.9412707093344901, 0.9451652955642238, 0.9415019297194767, 0.9509859582190336]
accuracy: [0.006621832445525842, 0.015074234321736553, 0.04169637152676639, 0.05980720980780468, 0.09781365794003483, 0.11524199325095438, 0.14813894342085177, 0.14855533960294812, 0.16972086144852946, 0.19597426100617013, 0.2021677356236944, 0.22917073033945887, 0.22122467198248616, 0.2869301216183051, 0.30292411733750174, 0.3361023412454183, 0.35404849154462026, 0.39326622754090523, 0.3901620000976934, 0.41774638838225725]
nauc_std: 0.0008222053753543006
nauc_var: 6.760216792615063e-07
alc_std: 0.0010366733985069253
nauc_mean: 0.9511398093417324
alc_mean: 0.8475935412514154
alc_var: 1.0746917351718984e-06
