score: 0.7923576318770316
Duration: 59.50152897834778
timestamps: [0.4972503185272217, 1.3023617267608643, 6.210648775100708, 6.82456374168396, 7.48085618019104, 8.101537466049194, 8.746060609817505, 9.35192060470581, 10.136701345443726, 13.046514511108398, 13.694449424743652, 14.393572807312012, 15.055835008621216, 15.677502393722534, 16.2662570476532, 17.18322491645813, 20.59583306312561, 21.283518075942993, 21.946564435958862, 22.64406704902649, 23.310901403427124, 23.97813892364502, 25.00672721862793, 27.32728862762451, 28.064774990081787, 28.826725006103516, 29.591147899627686, 30.32585906982422, 31.072908878326416, 32.14591574668884, 35.10077381134033, 35.78255224227905, 36.42289352416992, 37.11204385757446, 37.75262451171875, 38.46290063858032, 39.47594475746155, 41.66665840148926, 42.31563878059387, 42.94495129585266, 43.59688067436218, 44.2941997051239, 44.94141364097595, 45.99589276313782, 48.38500237464905, 49.184128522872925, 49.91743493080139, 50.593031883239746, 51.27369928359985, 51.98188900947571, 53.07849717140198, 55.256213665008545, 55.89827537536621, 56.57382583618164, 57.229323387145996, 57.83689260482788, 58.418466567993164, 59.50152897834778]
nauc_scores: [0.6420263736900007, 0.7685088684307031, 0.7685088684307031, 0.7277438818443247, 0.752573557794376, 0.7548582160847663, 0.7554987406635401, 0.7553449423889758, 0.7760383494489802, 0.7760383494489802, 0.7760383494489802, 0.7760383494489802, 0.7562158628143516, 0.7562158628143516, 0.7562158628143516, 0.7831866519985331, 0.7831866519985331, 0.7831866519985331, 0.7831866519985331, 0.7790395267596937, 0.7772222945978808, 0.7772222945978808, 0.7972371798583366, 0.7972371798583366, 0.7972371798583366, 0.7972371798583366, 0.7972371798583366, 0.7972371798583366, 0.7972371798583366, 0.7926714820604865, 0.7926714820604865, 0.7926714820604865, 0.7926714820604865, 0.7926714820604865, 0.7926714820604865, 0.7926714820604865, 0.7953053529037113, 0.7953053529037113, 0.7953053529037113, 0.7953053529037113, 0.7953053529037113, 0.7953053529037113, 0.7953053529037113, 0.7959585432227432, 0.7959585432227432, 0.7959585432227432, 0.7959585432227432, 0.7959585432227432, 0.7959585432227432, 0.7959585432227432, 0.7983565900449694, 0.7983565900449694, 0.7983565900449694, 0.7983565900449694, 0.7983565900449694, 0.7983565900449694, 0.7983565900449694, 0.7985809545866869]
accuracy: [0.6038421874715967, 0.6905530270946854, 0.6905530270946854, 0.7499099878004395, 0.773202280503556, 0.7757117020238198, 0.7751580052511285, 0.7757496061721076, 0.7379482327944337, 0.7379482327944337, 0.7379482327944337, 0.7379482327944337, 0.7863477175513996, 0.7863477175513996, 0.7863477175513996, 0.7636056606383194, 0.7636056606383194, 0.7636056606383194, 0.7636056606383194, 0.7837897451257447, 0.7823376882897918, 0.7823376882897918, 0.7840212815783819, 0.7840212815783819, 0.7840212815783819, 0.7840212815783819, 0.7840212815783819, 0.7840212815783819, 0.7840212815783819, 0.7831784394755957, 0.7831784394755957, 0.7831784394755957, 0.7831784394755957, 0.7831784394755957, 0.7831784394755957, 0.7831784394755957, 0.7815229512197743, 0.7815229512197743, 0.7815229512197743, 0.7815229512197743, 0.7815229512197743, 0.7815229512197743, 0.7815229512197743, 0.7811358103274154, 0.7811358103274154, 0.7811358103274154, 0.7811358103274154, 0.7811358103274154, 0.7811358103274154, 0.7811358103274154, 0.7814215376531375, 0.7814215376531375, 0.7814215376531375, 0.7814215376531375, 0.7814215376531375, 0.7814215376531375, 0.7814215376531375, 0.7813695617700878]
alc_std: 0.015522973153807018
alc_mean: 0.796592728832513
alc_var: 0.00024096269553381338
nauc_mean: 0.8006282211683559
nauc_var: 0.00023947743250821938
nauc_std: 0.015475058400801574
