score: -0.031171763051031757
Duration: 95.33100700378418
timestamps: [57.45935392379761, 88.14204382896423, 95.33100700378418]
nauc_scores: [-0.027709757450566808, 0.08954869888613404, -0.04429146187766708]
accuracy: [0.33903093428875636, 0.3380781583241967, 0.33116694986240275]
nauc_std: 0.06221618890028076
nauc_mean: -0.033595819778980615
nauc_var: 0.0038708541612754188
alc_mean: -0.043328571481477424
alc_std: 0.040887798455156436
alc_var: 0.001671812062509493
