score: 0.8013670317968286
Duration: 15.058053016662598
timestamps: [2.683746337890625, 9.310312032699585, 11.053067684173584, 12.359476566314697, 13.718220472335815, 15.058053016662598]
nauc_scores: [0.7775606508019224, 0.7775606508019224, 0.8116978364503118, 0.8146453351475498, 0.8103251114585142, 0.8146453351475498]
accuracy: [0.7024092640026204, 0.7024092640026204, 0.7534394407189723, 0.7708651866255751, 0.7949999934353552, 0.7708651866255751]
alc_var: 9.533844395565834e-05
alc_std: 0.009764140717731302
nauc_mean: 0.813156099769353
alc_mean: 0.7914533329301221
nauc_var: 0.00019633788654937361
nauc_std: 0.014012062180470568
