score: -0.00512931213133896
Duration: 931.4394180774689
timestamps: [67.09404110908508, 124.66521191596985, 182.42369866371155, 242.6155846118927, 308.6559624671936, 389.5276155471802, 497.4421384334564, 661.0073397159576, 931.4394180774689]
nauc_scores: [-0.01557418684807843, -0.015215770219209723, -0.015605268002613526, -0.015385578639078523, -0.01879530856817513, -0.005929605627276513, -0.003502997058627666, 0.009368864617944617, 0.0156945270749953]
accuracy: [0.010024042638890002, 0.010121755665176306, 0.010437199576214622, 0.012151962298582612, 0.015592775263093207, 0.014620018126753665, 0.01535861044468004, 0.013576627087088908, 0.014045879433875622]
nauc_var: 0.00020726094377798064
alc_var: 5.183848688084727e-05
nauc_std: 0.014396560136990385
nauc_mean: 0.02132422903428478
alc_mean: -0.0028334023857161327
alc_std: 0.00719989492151429
