score: 0.8547488460664876
Duration: 275.4919731616974
timestamps: [12.882333993911743, 17.02790331840515, 25.177812337875366, 34.76258111000061, 47.2465660572052, 61.15306615829468, 76.82633137702942, 94.40650367736816, 113.93474650382996, 136.0700981616974, 160.3713002204895, 184.88409781455994, 243.59582567214966, 275.4919731616974]
nauc_scores: [0.16115313979371537, 0.335477065270285, 0.5597445705148483, 0.7865663747940459, 0.8561474059038141, 0.9185783369380489, 0.9479847021243046, 0.962181797662832, 0.9714438317762273, 0.9783633938209115, 0.9829550600192611, 0.9861238534114114, 0.9901674306928503, 0.9915568650397639]
accuracy: [0.004489160766448061, 0.0058346335034925615, 0.008606171515958987, 0.017252754720283526, 0.012440721442316354, 0.020856390934130956, 0.03395849706265135, 0.0484842682682867, 0.06654117400226056, 0.09067985945243333, 0.11557779186110753, 0.14322620273200165, 0.2131851687322325, 0.22885337344460444]
alc_mean: 0.8546061681484991
alc_var: 1.913812935030674e-07
nauc_var: 9.597448772903501e-09
nauc_std: 9.796656966998233e-05
nauc_mean: 0.9916697130830127
alc_std: 0.0004374714773594587
