score: 0.7628961697795738
Duration: 194.46102046966553
timestamps: [32.141687631607056, 67.0510561466217, 84.0618588924408, 91.17918467521667, 98.21761727333069, 105.11516380310059, 112.18301606178284, 119.3449079990387, 126.34045600891113, 133.08418726921082, 139.74332070350647, 146.53908896446228, 153.33245420455933, 160.23033118247986, 169.03594994544983, 185.50274872779846, 194.46102046966553]
nauc_scores: [0.8342799524070494, 0.8458767117858021, 0.8737608611324204, 0.868589268544921, 0.8851758054887093, 0.8877563246464539, 0.8887409583056416, 0.8915347401143086, 0.8910275248357826, 0.8930722293493909, 0.8938545126424962, 0.8951459754531199, 0.8987112104178427, 0.8979498665792727, 0.896744441941995, 0.8987287548921601, 0.9015726647365114]
accuracy: [0.38169987814517115, 0.5118457891289482, 0.5152316846969481, 0.48991694144554987, 0.502609376254686, 0.4686524763818158, 0.4747601535901367, 0.501028340922994, 0.5068190861045752, 0.5148510416062043, 0.4850575303129316, 0.5092339342816125, 0.5279015227825626, 0.520145356477279, 0.5030722993998014, 0.5240754380981307, 0.5157127627928111]
