score: 0.9635210449324212
Duration: 704.7930250167847
timestamps: [0.47843360900878906, 1.0267980098724365, 2.963718891143799, 5.68810510635376, 9.481626749038696, 15.803541660308838, 35.14930987358093, 55.08478784561157, 358.7871677875519, 425.52184772491455, 633.2790274620056, 704.7930250167847]
nauc_scores: [0.60081022072958, 0.759827159451574, 0.8501370813641818, 0.887353996717454, 0.9265713977216437, 0.951316957996653, 0.9713833218050891, 0.9742254797365963, 0.9772598341937901, 0.9772598341937901, 0.9804514752423124, 0.9804501623418591]
accuracy: [0.09354444481932542, 0.1620316888189392, 0.23002638446861345, 0.2886813897835643, 0.36142645469969964, 0.4342655058704029, 0.5929508444242266, 0.6087900069744606, 0.70548816016324, 0.70548816016324, 0.6211665592049455, 0.6210986657216724]
nauc_var: 2.7624738844109354e-06
alc_var: 3.5000533538536185e-06
nauc_mean: 0.9799402844846428
nauc_std: 0.001662069157529534
alc_std: 0.0018708429527498076
alc_mean: 0.963786616720703
