score: 0.043276799168957686
Duration: 73.6616747379303
timestamps: [23.239502906799316, 27.126505136489868, 31.274885416030884, 35.52391314506531, 39.72492074966431, 44.10964250564575, 49.77125334739685, 57.738027811050415, 70.27449202537537, 73.6616747379303]
nauc_scores: [0.0001330001912338563, -0.0016195279098701887, 0.016219131395692088, 0.015709840702073485, -0.02505687702497994, -0.022429473157918767, -0.0032973997087528684, 0.0843564149857503, 0.05120194167177816, 0.05485030190736229]
accuracy: [0.25623372085332946, 0.2521914919902987, 0.2562209789381136, 0.2566882782316026, 0.25342679574705057, 0.24607940317409618, 0.2515591296592868, 0.25500399739981733, 0.24835588733802466, 0.24831187257481263]
nauc_std: 0.002847687204465779
nauc_var: 8.109322414478124e-06
alc_var: 5.767133181406711e-06
alc_mean: 0.04298729899703776
nauc_mean: 0.055110912418025196
alc_std: 0.0024014856196543652
