score: 0.2415627206658344
Duration: 333.4460575580597
timestamps: [18.593052625656128, 20.631386280059814, 27.848915100097656, 34.03673696517944, 43.56240797042847, 55.86864352226257, 71.16349983215332, 87.71732330322266, 108.76391053199768, 132.0364682674408, 159.75392746925354, 185.04466772079468, 220.73025131225586, 326.45965695381165, 333.4460575580597]
nauc_scores: [0.04102540770326124, 0.09786906492073966, 0.15581507431505726, 0.24369071054503966, 0.27536222666744403, 0.28190524567413267, 0.2907405328405628, 0.2724166784490558, 0.30928651357743764, 0.3006461432985845, 0.26214457788047807, 0.3116067513121705, 0.28661020450641184, 0.26130555170816483, 0.26416582925278265]
accuracy: [0.041894215436760876, 0.06190029167751257, 0.06924219280404484, 0.09745909031756994, 0.10315359092652024, 0.09802908887370602, 0.10294021653893543, 0.10774015772559255, 0.10120410486540318, 0.11736168069554428, 0.11099827434645824, 0.11592332745326632, 0.11794234827416337, 0.12235505318654817, 0.12227936951536975]
alc_mean: 0.23750576381611183
nauc_std: 0.01306042234703926
alc_std: 0.00793018691191957
nauc_mean: 0.26435784651650324
alc_var: 6.288786445798044e-05
nauc_var: 0.00017057463188304252
