score: 0.964955866220316
Duration: 989.004353761673
timestamps: [5.457481145858765, 10.801660537719727, 22.534913539886475, 33.65756607055664, 44.73609018325806, 57.46320867538452, 69.8756959438324, 82.31747007369995, 94.8743667602539, 107.38514351844788, 121.01306986808777, 134.8881585597992, 148.96025681495667, 164.0591230392456, 179.1012840270996, 195.3561315536499, 213.1512806415558, 230.5575544834137, 249.25037717819214, 270.5783054828644, 291.7031536102295, 313.48532009124756, 337.04509472846985, 360.3179175853729, 385.76346135139465, 412.84263157844543, 440.794650554657, 721.4339442253113, 989.004353761673]
nauc_scores: [0.9363987705548731, 0.9386809861950014, 0.9825753390085761, 0.9914044270882898, 0.9949178695848275, 0.9968327687863456, 0.997783525997767, 0.9983735341636195, 0.9987209002970681, 0.9989849741072938, 0.9991597861703223, 0.9992693872927654, 0.9993547121089315, 0.9994169132376172, 0.9994610617486845, 0.9994963256583158, 0.9995307604943187, 0.9995607425505095, 0.9995894822048843, 0.9996184975126998, 0.9996486835566416, 0.9996691403491347, 0.9996893435388206, 0.9997076916720347, 0.9997273840502641, 0.9997456581807456, 0.9997648308520606, 0.9998367442772511, 0.9998577655518683]
accuracy: [0.5343576131502311, 0.4436059775993215, 0.6043766755627485, 0.70161834747731, 0.7642266875097269, 0.8102286472388327, 0.842026640777865, 0.8651494009610401, 0.8822362899248309, 0.8953181828757942, 0.9056405286839031, 0.9137576621309416, 0.9202307738045306, 0.9250603648586072, 0.9288340715821273, 0.931855577059348, 0.9349303865154202, 0.9378096588279912, 0.9408025274482567, 0.9440071438779135, 0.9470336761536786, 0.949785408944251, 0.9526718435549908, 0.9553445067644112, 0.9579730109014842, 0.9606129996144448, 0.9632055955523956, 0.9668039245914244, 0.9682520242375855]
nauc_var: 1.030049553183472e-09
nauc_std: 3.2094385072524324e-05
alc_std: 7.306141439342136e-05
nauc_mean: 0.9998691250407944
alc_var: 5.337970273167238e-09
alc_mean: 0.9649412280952407
