score: 0.2530088886578702
Duration: 257.09201979637146
timestamps: [47.72349429130554, 59.236875772476196, 70.99306726455688, 82.76381325721741, 94.87812042236328, 107.51074075698853, 121.45520067214966, 138.32401418685913, 160.1996397972107, 192.51488065719604, 246.86401391029358, 257.09201979637146]
nauc_scores: [0.006785435342105073, 0.006423591025193964, -0.0013645687905045056, -0.002148769076116497, -0.0024444980738264066, -0.002394557467101599, 0.016597926718612932, 0.022239568020739675, 0.024524745021880623, 0.04905813320535746, 0.5322545977195647, 0.5330956268971689]
accuracy: [0.003876014655124422, 0.0038644904576117974, 0.0038465580266443646, 0.003846090058934296, 0.004691517820538837, 0.004689560471008294, 0.0050211991490845915, 0.0051058766109384444, 0.005093482850138545, 0.005133660640639756, 0.010609323662728315, 0.010613854679993012]
alc_mean: 0.2534390773002769
alc_std: 0.0027650881830456222
nauc_var: 1.998337065394274e-05
nauc_std: 0.004470276350958936
alc_var: 7.645712660018542e-06
nauc_mean: 0.5330504298380178
