score: 0.5798336966197473
Duration: 179.91498136520386
timestamps: [14.977012872695923, 21.476372718811035, 28.40239119529724, 35.64065885543823, 43.21793723106384, 52.31960988044739, 65.06089162826538, 85.22154641151428, 122.29478168487549, 178.7831540107727, 179.91498136520386]
nauc_scores: [0.3016660257607837, 0.26714509075735493, 0.3736340504517679, 0.4985864530217252, 0.5821433904591846, 0.6239444467662933, 0.6403536750372789, 0.6402905259729188, 0.6570482648972267, 0.6710359096912029, 0.6710359096912029]
alc_var: 5.9084674258624023e-05
alc_mean: 0.5806037294356937
nauc_mean: 0.6730069554366339
nauc_var: 6.571421499013584e-05
nauc_std: 0.008106430471553792
alc_std: 0.007686655596462224
