score: 0.9860551712243522
Duration: 21.821674346923828
timestamps: [2.2033634185791016, 4.168708086013794, 7.967751502990723, 13.855044841766357, 21.821674346923828]
nauc_scores: [0.9041175743451397, 0.9914636721922878, 0.9974134008764435, 0.998645786322859, 0.9990624108912904]
accuracy: [0.3029990460199757, 0.7858231357016785, 0.8800033877515542, 0.9087901223114293, 0.9365480387853157]
alc_std: 6.742729342038421e-05
nauc_mean: 0.9991254893408901
nauc_var: 8.400765775143754e-09
alc_mean: 0.9860698084362515
nauc_std: 9.165569144981535e-05
alc_var: 4.546439897998588e-09
