score: 0.7406649595268024
Duration: 21.636929988861084
timestamps: [3.7682688236236572, 5.772675037384033, 12.191326379776001, 18.63631248474121, 20.23078465461731, 21.636929988861084]
nauc_scores: [0.529007001217217, 0.5845980487694482, 0.8012156445681631, 0.7244164968198372, 0.7434313680135929, 0.7630643108212509]
accuracy: [0.4835773904712096, 0.596927099947712, 0.7283209756245653, 0.6922310113173804, 0.6699988443002236, 0.7024386964400973]
alc_std: 0.011056023635324557
nauc_std: 0.01586918846093403
nauc_var: 0.0002518311424086418
alc_var: 0.00012223565862485523
alc_mean: 0.736142552372442
nauc_mean: 0.7678092566476569
