score: 0.7830093609255904
Duration: 147.19109845161438
timestamps: [41.347814083099365, 55.452919483184814, 73.79725313186646, 92.65609455108643, 110.85182428359985, 129.06645035743713, 147.19109845161438]
nauc_scores: [0.06669937777777779, 0.9655371333333331, 0.9935421333333339, 0.9946973555555556, 0.9961129555555555, 0.9958448222222223, 0.9958448222222223]
accuracy: [0.10724044421443257, 0.7262411889567995, 0.8950011605613934, 0.921080517115265, 0.9385461334583836, 0.938826406506897, 0.938826406506897]
nauc_std: 0.00024353441385582963
alc_var: 4.7845792754234496e-08
nauc_var: 5.93090107321025e-08
alc_std: 0.00021873681161211638
nauc_mean: 0.9957192388304514
alc_mean: 0.782850506848455
