score: 0.8625304738448629
Duration: 79.60443472862244
timestamps: [10.021550416946411, 18.975279331207275, 32.583619594573975, 36.03093886375427, 39.38163709640503, 42.723358154296875, 46.06580591201782, 49.39964556694031, 52.714923620224, 56.175925970077515, 59.498666524887085, 62.83052921295166, 66.16797924041748, 69.50269865989685, 72.83059692382812, 76.16362071037292, 79.60443472862244]
nauc_scores: [0.761607650410904, 0.761607650410904, 0.761607650410904, 0.8309152209416304, 0.885402622822526, 0.9011435178615659, 0.9077480643488998, 0.9142563152687733, 0.9171313902364187, 0.9199818314542485, 0.9250664791326191, 0.9251710570430913, 0.9253395120797083, 0.9264450093658012, 0.9289614908729291, 0.9297994649250951, 0.9297994649250951]
accuracy: [0.7128745395013112, 0.7128745395013112, 0.7128745395013112, 0.7310140595943428, 0.79323488018068, 0.8194382628058079, 0.8319049001623675, 0.8360241585106297, 0.8428880763238367, 0.8535597640276971, 0.8542126944565904, 0.8460979922749119, 0.860873036692035, 0.8465453867711086, 0.8621270540132269, 0.8677591373952516, 0.8677591373952516]
nauc_std: 0.0031128203724609107
nauc_mean: 0.9318462657489709
alc_std: 0.0024241754603775098
alc_var: 5.876626662696511e-06
nauc_var: 9.689650671207684e-06
alc_mean: 0.8646412344393319
