score: 0.00877807333352219
Duration: 92.67476868629456
timestamps: [29.635229110717773, 36.07333707809448, 43.30731987953186, 51.20634174346924, 58.293246269226074, 65.99805998802185, 74.92607927322388, 87.08507919311523, 92.67476868629456]
nauc_scores: [0.005330638708638036, 0.005898919758309695, 0.005973043373484144, 0.005417116259675003, 0.007678732682489642, 0.006357030777208061, 0.011587145678965571, 0.01052538412278925, 0.010821878583487488]
accuracy: [0.49995518468848776, 0.4999671348554118, 0.49996804311845305, 0.49995695043537697, 0.4988795960553863, 0.4999754509293658, 0.9980844487146465, 0.9980629922655204, 0.9980583705982675]
alc_var: 0.00013331721561715752
alc_std: 0.011546307445116708
alc_mean: 0.015448861238447315
nauc_var: 0.0003763871051933081
nauc_std: 0.0194006985748789
nauc_mean: 0.02419627877156383
