score: 0.9178915856855653
Duration: 219.54327368736267
timestamps: [5.816600799560547, 7.592510461807251, 13.932734251022339, 21.524258613586426, 28.38427424430847, 38.469332218170166, 53.8749577999115, 216.59788537025452, 219.54327368736267]
nauc_scores: [0.7635628421442053, 0.8871308660947046, 0.9127329516411573, 0.9113106385707221, 0.9448409417811361, 0.9507932040529399, 0.9515505344086705, 0.9532737191464591, 0.9543480929259787]
accuracy: [0.38245723774760804, 0.5909256710162337, 0.6379541770359911, 0.705287541800787, 0.5669975609441525, 0.6385976792452043, 0.6743595586440336, 0.7991846552893908, 0.8067136316945547]
nauc_mean: 0.9533838206581882
nauc_std: 0.004975146806168923
alc_mean: 0.9188401875170136
nauc_var: 2.4752085742932837e-05
alc_var: 2.9053888248621638e-06
alc_std: 0.0017045201157106255
