score: 0.6168830036068212
Duration: 137.42337107658386
timestamps: [37.639379262924194, 62.02325248718262, 77.3033754825592, 92.1007285118103, 107.01960635185242, 121.88372659683228, 137.42337107658386]
nauc_scores: [0.734330757127565, 0.734330757127565, 0.734330757127565, 0.734330757127565, 0.734330757127565, 0.734330757127565, 0.734330757127565]
accuracy: [0.5053391167360681, 0.5053391167360681, 0.5053391167360681, 0.5053391167360681, 0.5053391167360681, 0.5053391167360681, 0.5053391167360681]
alc_std: 0.07273177592563287
nauc_var: 0.005595933197728305
alc_var: 0.005289911229296469
nauc_mean: 0.7216163256235817
nauc_std: 0.07480597033478213
alc_mean: 0.6326137270489085
