score: 0.9478087082905977
Duration: 856.6754891872406
timestamps: [2.1951897144317627, 3.9538516998291016, 7.357452869415283, 10.35611891746521, 13.445087671279907, 16.5916428565979, 20.371684551239014, 24.292747259140015, 28.277791738510132, 32.92349910736084, 37.67622447013855, 43.73317050933838, 50.04494881629944, 56.25120401382446, 63.12438678741455, 70.72381544113159, 78.45616149902344, 87.23634099960327, 96.40751481056213, 106.26286053657532, 116.2842001914978, 126.93969249725342, 138.48041820526123, 150.74224209785461, 163.80844235420227, 178.3589129447937, 194.70612740516663, 330.7416594028473, 459.94629549980164, 600.6106493473053, 726.1850605010986, 856.6754891872406]
nauc_scores: [0.7358508770187999, 0.7329536945505359, 0.8647733548328174, 0.900383565500722, 0.9194951256711561, 0.9317416304090211, 0.9405279279571424, 0.946754193693754, 0.9508709248613112, 0.9543269170378004, 0.9568516403919305, 0.958812811163154, 0.9604676735733808, 0.9617899655210753, 0.9626612166711492, 0.9633470370970039, 0.9639899608767362, 0.9646501341476685, 0.9652747647729918, 0.9659776785228544, 0.9666080089703311, 0.9672061838813124, 0.9678884508843191, 0.9685557186472611, 0.9692315310665793, 0.9699241877841089, 0.9705956620257628, 0.9742379952680218, 0.9753768433275105, 0.9760414720617916, 0.9766493894178345, 0.976863720963367]
accuracy: [0.16916439417422308, 0.13504372471638754, 0.2189799165152196, 0.2824225953148603, 0.33322871388030845, 0.3744160856255086, 0.4099597166505897, 0.43889815684415256, 0.4631927498489643, 0.48395136738713235, 0.5015576344001691, 0.5164220104719964, 0.5284494157755287, 0.5384037685534653, 0.5457308243156703, 0.5519373901619096, 0.5579415493396694, 0.5643027212467383, 0.5708988771033878, 0.5777734443698623, 0.584488215836368, 0.5914185611684111, 0.5984419432971312, 0.605396386532953, 0.6125534498592656, 0.6202215481739694, 0.6281459147338956, 0.6401460213544558, 0.6459286750024006, 0.6507401997593865, 0.6528739443717856, 0.6548929865994749]
alc_mean: 0.9478573326194315
alc_std: 0.0022828712329951424
nauc_mean: 0.9768397043549776
nauc_std: 0.0020251891587922594
nauc_var: 4.101391128889699e-06
alc_var: 5.211501066436763e-06
