score: 0.7344094716493781
Duration: 1058.2282061576843
timestamps: [25.143763303756714, 46.21043062210083, 54.65251970291138, 65.99921154975891, 88.63929891586304, 111.2490963935852, 132.0064661502838, 153.24281668663025, 168.53593564033508, 177.05233716964722, 186.71745610237122, 206.75516057014465, 314.568478345871, 346.8421881198883, 379.8342945575714, 414.3194317817688, 443.2897455692291, 472.0987243652344, 501.5476474761963, 560.1281318664551, 616.075229883194, 658.2318592071533, 714.4194512367249, 770.4591474533081, 824.9445395469666, 867.9890966415405, 898.3320877552032, 926.5842444896698, 953.153573513031, 982.6364307403564, 1007.2889859676361, 1031.8277461528778, 1057.6761207580566, 1058.2282061576843]
nauc_scores: [0.8039778996549023, 0.7996066371435806, 0.7996066371435806, 0.7996066371435806, 0.8178984161238834, 0.7810127790466417, 0.7810127790466417, 0.8246507728486889, 0.8246507728486889, 0.8246507728486889, 0.8246507728486889, 0.8297460098479488, 0.8297460098479488, 0.8297460098479488, 0.8297460098479488, 0.8297460098479488, 0.8297460098479488, 0.8297460098479488, 0.8609777751001517, 0.8609777751001517, 0.8609777751001517, 0.8609777751001517, 0.8609777751001517, 0.8609777751001517, 0.8609777751001517, 0.8681071807167586, 0.8681071807167586, 0.8681071807167586, 0.8681071807167586, 0.8681071807167586, 0.8681071807167586, 0.8681071807167586, 0.8838880645410225, 0.8853487059167569]
accuracy: [0.9462043999038824, 0.94088827947929, 0.94088827947929, 0.94088827947929, 0.964512795296267, 0.9946669475241146, 0.9946669475241146, 0.9889412809478617, 0.9889412809478617, 0.9889412809478617, 0.9889412809478617, 0.991542683100742, 0.991542683100742, 0.991542683100742, 0.991542683100742, 0.991542683100742, 0.991542683100742, 0.991542683100742, 0.9958604765697834, 0.9958604765697834, 0.9958604765697834, 0.9958604765697834, 0.9958604765697834, 0.9958604765697834, 0.9958604765697834, 0.9962363493490648, 0.9962363493490648, 0.9962363493490648, 0.9962363493490648, 0.9962363493490648, 0.9962363493490648, 0.9962363493490648, 0.9950144156262432, 0.9944268987682441]
nauc_std: 0.043099166875908104
alc_mean: 0.7161217965196074
nauc_var: 0.001857538185397374
nauc_mean: 0.8823767147502611
alc_std: 0.04443590988613562
alc_var: 0.0019745500874087654
