score: 0.0
Duration: 998.9760820865631
timestamps: [56.114604234695435, 103.78299379348755, 150.30461835861206, 197.039306640625, 247.0862889289856, 298.5079505443573, 352.1250550746918, 409.72128105163574, 480.0109031200409, 584.9181118011475, 742.3104438781738, 998.9760820865631]
nauc_scores: [0.0, 0.0, 0.0, 0.0, 0.0, 0.0, 0.0, 0.0, 0.0, 0.0, 0.0, 0.0]
accuracy: [0.4143340067591397, 0.4483962121663904, 0.46544052394218377, 0.4203582207949157, 0.38908860708467063, 0.3821131030881515, 0.37702696031762417, 0.33539051817531224, 0.36995925549985087, 0.3674862125529357, 0.34778854937816295, 0.3564075604361824]
nauc_std: 0.0
alc_mean: 0.0
alc_var: 0.0
nauc_var: 0.0
alc_std: 0.0
nauc_mean: 0.0
