score: 0.5734173872941067
Duration: 1009.2210409641266
timestamps: [18.772139072418213, 23.849210739135742, 31.452969551086426, 42.47861456871033, 53.81659126281738, 65.22964096069336, 77.63306069374084, 93.55885124206543, 110.4683666229248, 132.98103666305542, 156.05671548843384, 180.572895526886, 206.85696148872375, 238.32077932357788, 270.41478729248047, 302.7716062068939, 338.3917942047119, 376.8093099594116, 414.59728956222534, 456.70853209495544, 509.31845784187317, 556.9522244930267, 604.2042720317841, 656.0242462158203, 711.4172878265381, 764.7650046348572, 1002.7832772731781, 1009.2210409641266]
nauc_scores: [0.005461233690040812, 0.002018154721806331, -0.0019953021315984865, 0.11510580524973779, 0.11369302122052183, 0.29279149530508874, 0.3907901406787637, 0.509345002645843, 0.5670199225688557, 0.6378012857680311, 0.6767146863982656, 0.7472345231329076, 0.7685133615331554, 0.7908606663642725, 0.8121245461975941, 0.8221049499566977, 0.8366324979976671, 0.8373294905141098, 0.8482509638399436, 0.8540882008007404, 0.85799842773238, 0.8555259077939934, 0.8602166401921536, 0.8612364774027781, 0.8633234941279522, 0.8660290335071974, 0.8657423257577768, 0.8657472676655478]
accuracy: [0.04987746583242325, 0.05026580908217529, 0.05044661845914199, 0.054207980623208196, 0.06998174285050782, 0.07318086525727245, 0.08443144737599993, 0.13381246251496282, 0.12308178721823675, 0.18446362605998531, 0.19682732946857615, 0.25438016886479736, 0.2987877316810434, 0.32053811149400413, 0.355963413253513, 0.3949157167368691, 0.41846526609030404, 0.4268867371334607, 0.45909125381114557, 0.47202522250344625, 0.4945730815769762, 0.4908118257542382, 0.4966075070206112, 0.5052059858946949, 0.5129352421385708, 0.5202397531049863, 0.5189899692688308, 0.5207530281725699]
alc_std: 0.007004029830283164
nauc_mean: 0.8665246613812506
nauc_std: 0.005788657466847449
nauc_var: 3.3508555268488726e-05
alc_var: 4.905643386349641e-05
alc_mean: 0.5730394893401123
