score: -0.0066319478927982034
Duration: 435.613210439682
timestamps: [116.20515251159668, 156.72018480300903, 198.04804635047913, 239.5356001853943, 283.99215149879456, 336.60953760147095, 399.40141010284424, 435.613210439682]
nauc_scores: [-0.024383208977433846, -0.025527574265389208, -0.022980777825032273, -0.0007684118249237093, -0.010083297615129827, -0.0018300387691997377, -0.00468058043656483, -0.005463141803422333]
accuracy: [0.01000062542807672, 0.010001186122387809, 0.010001547047432202, 0.010011888947042427, 0.010051541749336259, 0.010316791910658468, 0.012590380996131922, 0.012568445977568676]
nauc_var: 3.914596194094885e-05
alc_var: 1.6798649887906217e-05
nauc_mean: -0.004955998194793343
nauc_std: 0.006256673392542466
alc_std: 0.004098615606263439
alc_mean: -0.007191489766200976
