score: -0.010383377240572264
Duration: 795.1795501708984
timestamps: [24.1113178730011, 39.86293172836304, 55.4071831703186, 72.2033224105835, 92.12030577659607, 117.58828139305115, 152.15814566612244, 207.5548026561737, 302.4571816921234, 475.40864539146423, 795.1795501708984]
nauc_scores: [-0.019883644454071536, -0.020274409591598652, -0.019122176987371176, -0.019741032021090787, -0.020078390618468833, -0.020395499986011978, -0.020580089393857026, -0.02134831303216267, -0.025022217583541617, 0.006563360367276561, 0.01233793930671978]
accuracy: [0.6186135521493055, 0.6164011173851454, 0.6036511097307031, 0.6166013443154754, 0.582826757663976, 0.586765676173357, 0.5984471835014163, 0.5910816493267449, 0.5909203289148186, 0.5735527541111948, 0.5904957115951515]
nauc_var: 0.007366118779117413
nauc_mean: 0.06172903717209468
nauc_std: 0.08582609614282484
alc_mean: -0.006604516035616753
alc_var: 9.151780276682266e-05
alc_std: 0.009566493755123799
