score: 0.8772833316923104
Duration: 589.3446941375732
timestamps: [12.625351190567017, 16.081367015838623, 23.568703651428223, 32.17655873298645, 43.114973306655884, 56.04743695259094, 71.21305656433105, 88.87285208702087, 124.68010520935059, 238.47845935821533, 589.3446941375732]
nauc_scores: [0.6838633970071455, 0.8166905602198811, 0.8808072220239429, 0.8665202721059313, 0.9048214075504479, 0.9008368876228179, 0.934688233198341, 0.9542993053115953, 0.9618222129018843, 0.9626869120767991, 0.9468479819643933]
accuracy: [0.7227814332196989, 0.7685987054630898, 0.7845961000533135, 0.7794030780750059, 0.8168509675947591, 0.8143432813970553, 0.8628567892597496, 0.8806626518030594, 0.8922973666025713, 0.8930689557430646, 0.8700088436703007]
nauc_std: 0.000532085886421723
alc_var: 1.0449497434317766e-06
nauc_var: 2.8311539052919073e-07
alc_std: 0.0010222278334264708
nauc_mean: 0.9468774164001342
alc_mean: 0.8771111069461993
