score: 0.4770071771087786
Duration: 242.92204475402832
timestamps: [10.782217264175415, 16.85559582710266, 23.01129984855652, 29.563127517700195, 36.99946355819702, 45.720125913619995, 57.10722827911377, 74.24836659431458, 102.56471276283264, 151.41456270217896, 242.13447856903076, 242.92204475402832]
nauc_scores: [0.0027073066942608914, 0.010540453015833506, 0.15751774121124207, 0.3724624526788405, 0.4691380307151698, 0.5345152253540038, 0.6180999087728112, 0.6240830407347366, 0.5120529295177647, 0.5430645990246601, 0.5477394852170949, 0.5477394852170949]
accuracy: [0.253097198045248, 0.25305941771831975, 0.2589176550769294, 0.2972643641191522, 0.3535110413698862, 0.3947334326311804, 0.451998240543252, 0.456040180502532, 0.386678243162629, 0.43382259652953836, 0.47523077364975097, 0.47523077364975097]
nauc_var: 0.00014856411624862114
alc_mean: 0.4811038041739327
nauc_std: 0.012188688044601895
alc_std: 0.0030005936790833128
alc_var: 9.003562426954732e-06
nauc_mean: 0.5529401078396982
