score: 0.9620028543279343
Duration: 159.26608324050903
timestamps: [6.307722330093384, 13.2709219455719, 19.942538261413574, 26.682026863098145, 33.55546998977661, 40.3741340637207, 47.276718616485596, 54.07503390312195, 60.956408977508545, 68.35503625869751, 75.31374311447144, 82.0053129196167, 88.86232733726501, 95.59059715270996, 102.61191654205322, 109.56150841712952, 116.5471088886261, 123.3375403881073, 130.39590334892273, 137.45481514930725, 144.4584095478058, 151.57813596725464, 159.26608324050903]
nauc_scores: [0.9131029004796454, 0.967082114835915, 0.9810002736992687, 0.988613396190388, 0.9925085953937596, 0.9951408348827671, 0.9966508692022651, 0.9977326803480022, 0.9984061294783544, 0.998862037070315, 0.9991362021433008, 0.9993480633187732, 0.9994771348688443, 0.9995686133715729, 0.9996421507202058, 0.9996949227413743, 0.999732528437971, 0.9997624975048776, 0.9997899261892986, 0.9998110061176662, 0.9998324427253991, 0.9998487234066757, 0.9998633623429363]
accuracy: [0.23304230831362416, 0.3807581531035015, 0.5013566859456917, 0.5971733563598721, 0.6714386883658087, 0.7295545506204446, 0.7762108742111095, 0.813729596833437, 0.8439737836654778, 0.8676521558978931, 0.8866700439028911, 0.9026227651085611, 0.9155377439169865, 0.9265228349494782, 0.9355073578909495, 0.9430814151119186, 0.9493366962987512, 0.9546995833724377, 0.959379317304674, 0.9633124446530282, 0.9668614996400839, 0.9699426102129424, 0.9725582917448234]
nauc_mean: 0.9998656731236654
alc_mean: 0.9620896016036447
nauc_var: 7.039568759806149e-10
nauc_std: 2.6532185661581198e-05
alc_var: 1.0938672496983877e-08
alc_std: 0.00010458810877429554
