score: 0.35909128702155185
Duration: 320.0423774719238
timestamps: [293.4025912284851, 303.06573963165283, 305.77817487716675, 308.1667649745941, 310.5820324420929, 312.97769021987915, 315.3588798046112, 317.70171761512756, 320.0423774719238]
nauc_scores: [0.7753290623888485, 0.7753290623888485, 0.8203967303951005, 0.8373157965927192, 0.8536758275951504, 0.8555415404534656, 0.8621639985333434, 0.862784545494834, 0.862784545494834]
accuracy: [0.7135610848009831, 0.7135610848009831, 0.7517447615567134, 0.7140967312746835, 0.7203537327978126, 0.7762329187218677, 0.744279014157656, 0.8234448089091692, 0.8234448089091692]
alc_var: 2.912569785134143e-06
alc_std: 0.0017066252620696037
nauc_std: 0.001857184914136598
alc_mean: 0.3593589914437024
nauc_var: 3.449135805296563e-06
nauc_mean: 0.8632143562943384
