score: 0.8189806291060818
Duration: 399.25659704208374
timestamps: [21.269524812698364, 42.87904739379883, 79.91751384735107, 99.42065238952637, 119.23846244812012, 138.37868666648865, 157.71242260932922, 177.3464949131012, 196.87441492080688, 216.55514407157898, 235.90717697143555, 255.18745040893555, 275.7573952674866, 296.0726387500763, 316.77611446380615, 337.38866686820984, 357.90286087989807, 378.20987248420715, 399.25659704208374]
nauc_scores: [0.04700000000000015, 0.9686324111111113, 0.9643145888888889, 0.9933773333333336, 0.9950198333333333, 0.9956070222222224, 0.9965649222222221, 0.9961901444444448, 0.9960613999999997, 0.9960273111111111, 0.995979911111111, 0.9960054555555555, 0.9956686222222224, 0.9960456333333334, 0.9958778777777773, 0.9958440444444445, 0.9959809, 0.9959884222222222, 0.9959884222222222]
accuracy: [0.10376619076415525, 0.736202246275337, 0.7206709848535505, 0.9076805185146223, 0.9246399669498844, 0.9399553133577112, 0.9448639082580187, 0.9486230761511409, 0.946932656930069, 0.9460878339829119, 0.9407912741141409, 0.947242891941344, 0.9492731615165436, 0.9482402773646065, 0.9525322217115663, 0.9521212515186582, 0.9542161628189042, 0.9506544991513276, 0.9506544991513276]
nauc_mean: 0.99581018265014
alc_mean: 0.8185710962762001
nauc_var: 5.268233644550064e-08
alc_std: 0.00041634549694135914
alc_var: 1.733435728233473e-07
nauc_std: 0.00022952633061481344
