score: 0.45326970073856854
Duration: 256.64586305618286
timestamps: [47.1784610748291, 56.95913052558899, 66.68398547172546, 76.36103391647339, 86.58648109436035, 97.88036012649536, 110.48937320709229, 126.8497965335846, 149.35247659683228, 185.17121124267578, 248.34730529785156, 256.64586305618286]
nauc_scores: [0.2182033993664998, 0.1985126715500316, 0.18802723662636756, 0.25185267483131857, 0.2399446444291038, 0.36696840106396866, 0.40750555544074984, 0.44685741781232347, 0.5346657723248722, 0.6208643437696635, 0.6772695781201248, 0.6763467490006365]
accuracy: [0.3578305126468247, 0.36335785303243023, 0.36371751095613414, 0.3601988341164286, 0.3814224655436458, 0.3503735472539241, 0.3913204565216295, 0.4287451070993077, 0.4742722966077027, 0.5048708964222209, 0.5477039539868377, 0.5469468138279819]
nauc_mean: 0.6768956197448024
nauc_var: 0.00011327416972227149
alc_std: 0.0023421278911603728
nauc_std: 0.010643033858927233
alc_mean: 0.4512807171786509
alc_var: 5.4855630585513355e-06
