score: 0.6724877881758422
Duration: 76.21627497673035
timestamps: [52.06493377685547, 62.80738306045532, 64.06535768508911, 65.25875353813171, 66.54624009132385, 67.71670866012573, 68.90430402755737, 70.07252264022827, 71.25356030464172, 72.5538980960846, 73.71853518486023, 74.89879369735718, 76.21627497673035]
nauc_scores: [0.8461087132817335, 0.8461087132817335, 0.8461087132817335, 0.8461087132817335, 0.8461087132817335, 0.8461087132817335, 0.8461087132817335, 0.8461087132817335, 0.8461087132817335, 0.8461087132817335, 0.8461087132817335, 0.8461087132817335, 0.8461087132817335]
accuracy: [0.9824627804230839, 0.9824627804230839, 0.9824627804230839, 0.9824627804230839, 0.9824627804230839, 0.9824627804230839, 0.9824627804230839, 0.9824627804230839, 0.9824627804230839, 0.9824627804230839, 0.9824627804230839, 0.9824627804230839, 0.9824627804230839]
alc_var: 0.000143869640395122
alc_mean: 0.6909378659412886
alc_std: 0.011994567119955684
nauc_std: 0.03446029312511429
nauc_mean: 0.8439138467979218
nauc_var: 0.0011875118022687994
