score: 0.9873769277481911
Duration: 17.3889479637146
timestamps: [1.8969216346740723, 3.4205117225646973, 7.117629766464233, 12.891424417495728, 17.3889479637146]
nauc_scores: [0.92860184555202, 0.9698256746132539, 0.9958351032893855, 0.998498691849969, 0.9987720859850853]
accuracy: [0.6413611308706126, 0.805474228774414, 0.8975596593768729, 0.9380798340502035, 0.9461043620828976]
alc_var: 3.2004736998195807e-08
nauc_mean: 0.9986832212502559
nauc_var: 3.45929120382583e-08
alc_mean: 0.9874165844441855
alc_std: 0.00017889867802249352
nauc_std: 0.00018599169884233623
