score: 0.9296910395497756
Duration: 164.6075382232666
timestamps: [12.988273620605469, 24.39374303817749, 35.86919903755188, 47.52502489089966, 59.82626461982727, 72.73678469657898, 85.4486186504364, 97.87614440917969, 111.30544447898865, 124.48013019561768, 137.62906193733215, 151.44021320343018, 164.6075382232666]
nauc_scores: [0.9596797311359022, 0.9828948043342081, 0.9885012281761845, 0.9910975980507817, 0.9927290486870781, 0.9938171498724109, 0.9947735435587526, 0.9954844563202048, 0.9960133541105651, 0.9964041944332949, 0.9967636885448794, 0.9970236218498343, 0.9972535451599398]
accuracy: [0.1470924787687799, 0.34419260290339393, 0.5025999715663885, 0.6227843022877323, 0.7105014757523075, 0.7730693443087916, 0.8174542858516289, 0.8497437911113899, 0.8735273533038183, 0.8908897098259523, 0.9038162312176474, 0.9137823018976229, 0.9217012795008457]
nauc_var: 1.1672472595698332e-08
alc_std: 0.00015817165737096322
nauc_mean: 0.997242513537388
alc_var: 2.5018273195477387e-08
alc_mean: 0.9296420449106739
nauc_std: 0.00010803921785952697
