score: 0.09078081937520269
Duration: 796.254686832428
timestamps: [586.5343234539032, 599.9741594791412, 604.8790702819824, 616.1692173480988, 653.7801039218903, 796.254686832428]
nauc_scores: [0.2696151295511331, 0.2696151295511331, 0.32534702229919565, 0.3848702706560829, 0.4199405998126824, 0.429984403794637]
accuracy: [0.2866484307334894, 0.2866484307334894, 0.3082896370273559, 0.3028394394391783, 0.3746405984715749, 0.3728877661893879]
nauc_std: 0.002077888645817321
nauc_mean: 0.42972525977918713
alc_mean: 0.09082783469354172
nauc_var: 4.31762122441654e-06
alc_var: 2.5322445085515424e-08
alc_std: 0.00015913027708615171
