score: 0.02987023745513005
Duration: 116.81908917427063
timestamps: [51.38057255744934, 74.3357150554657, 109.20266628265381, 116.81908917427063]
nauc_scores: [0.040246003316154466, 0.05264962540985407, 0.026143001411853106, 0.035696528868091715]
nauc_std: 0.02064772002584594
alc_std: 0.02195467546876095
nauc_var: 0.0004263283422657195
nauc_mean: 0.02877217398524229
alc_var: 0.0004820077749386139
alc_mean: 0.034115736741528666
