score: 0.8853591340086266
Duration: 29.36130428314209
timestamps: [13.280319929122925, 14.606931686401367, 16.14329504966736, 17.628737449645996, 19.32650113105774, 21.250627756118774, 24.259706497192383, 28.49147343635559, 29.36130428314209]
nauc_scores: [0.06580638329692667, 0.2655893416007067, 0.608074669064808, 0.8339573923920476, 0.9127756956440958, 0.9389459592996545, 0.9541401838473109, 0.9624896191435028, 0.9624896191435028]
accuracy: [0.10419395092355567, 0.1344056192420602, 0.2218257982013903, 0.3565551446472695, 0.5131869308087973, 0.627903258395161, 0.7129406872369417, 0.7571243767908162, 0.7571243767908162]
alc_var: 3.979194414045659e-06
nauc_std: 0.0012494625400050244
alc_std: 0.0019947918222325
nauc_var: 1.5611566388758075e-06
alc_mean: 0.8848886344171067
nauc_mean: 0.9624258916432369
