score: 0.002587126276090384
Duration: 56.49319553375244
timestamps: [18.64366626739502, 25.733158349990845, 33.02757501602173, 41.26733350753784, 50.634355545043945, 56.49319553375244]
nauc_scores: [-0.013528192315381937, 0.02487789150477404, 0.010538183658181932, -0.04757539395262145, 0.016283783978834565, 0.0039843989260572865]
accuracy: [0.02000657391546676, 0.020009921738519756, 0.020012409174522777, 0.020006171325365123, 0.02004997259316202, 0.02005148981712927]
alc_std: 0.005624259846354313
alc_var: 3.163229881931345e-05
nauc_var: 7.268001915492704e-05
nauc_std: 0.008525257717801089
alc_mean: 0.0007365616154916415
nauc_mean: -0.0007746568762051264
