score: -0.00833259549508339
Duration: 147.12928891181946
timestamps: [35.323856592178345, 45.40886926651001, 55.28034830093384, 65.44374084472656, 75.92263102531433, 87.23406982421875, 99.98908257484436, 116.02690839767456, 138.51970195770264, 147.12928891181946]
nauc_scores: [0.010499567948484279, 0.0018317377426917414, 0.006107182256209764, -0.005800501803579605, -0.008949427505120622, -0.0030456546393918815, -0.005295302923844503, -0.0002905684861769231, -0.006568179185830303, -0.013763980839299306]
alc_var: 3.891438621997017e-06
nauc_mean: -0.013375756543576511
alc_std: 0.0019726729637720027
alc_mean: -0.009285026875570831
nauc_var: 1.8282427133023523e-05
nauc_std: 0.004275795497100337
