score: 0.8683346158250524
Duration: 240.18509769439697
timestamps: [6.057178735733032, 11.911312103271484, 17.957013607025146, 24.40147566795349, 33.069555044174194, 42.31039595603943, 54.23084545135498, 64.67381310462952, 86.03789448738098, 98.77979016304016, 133.50627827644348, 152.68627262115479, 168.55240106582642, 185.7083249092102, 221.74186062812805, 240.18509769439697]
nauc_scores: [0.060481833926661066, 0.3142724406944213, 0.49449449471624174, 0.7045473109110765, 0.8584263483439605, 0.886618471652123, 0.9146879141676729, 0.9172751211667065, 0.9399122758807417, 0.9608359119178294, 0.9724579930385437, 0.9748239927559081, 0.9753926550588685, 0.9773713220838216, 0.9782765969533296, 0.9786485861977243]
accuracy: [0.01089003566747703, 0.01967709730416179, 0.038267993364816934, 0.07381009718134203, 0.15973064030043604, 0.20421415435262133, 0.26533701016372696, 0.27483927682932485, 0.3296701518481227, 0.41024264819105266, 0.4822121973241191, 0.5078175056343386, 0.5194236822426335, 0.5439678222316431, 0.5680411519871711, 0.565646183120038]
nauc_mean: 0.9783215287990077
alc_std: 0.0006848685996062758
alc_var: 4.690449987266613e-07
nauc_var: 1.5348854997371812e-07
alc_mean: 0.8688455274393764
nauc_std: 0.0003917761477855921
