score: 0.8372935811239008
Duration: 625.9851427078247
timestamps: [16.678121089935303, 21.242079496383667, 31.77886414527893, 41.336416482925415, 54.169166803359985, 67.07782483100891, 83.04203033447266, 102.48061418533325, 121.92589044570923, 146.47553873062134, 174.04250860214233, 199.2414379119873, 227.43428540229797, 264.48678636550903, 297.5220582485199, 401.24949407577515, 625.9851427078247]
nauc_scores: [0.5256331517377304, 0.6251440930948688, 0.7473504888721361, 0.8170173458272532, 0.8303056782993861, 0.8350361253623593, 0.87092558461043, 0.9092284980181047, 0.9168188315427139, 0.9365167596189454, 0.9517369134760625, 0.9531845548980937, 0.9638843514866935, 0.9688962332923516, 0.972294391697577, 0.9767630445626905, 0.9773523083763263]
accuracy: [0.593571598704662, 0.5560732899299055, 0.5809784280208639, 0.6606818310805185, 0.665560103540162, 0.6349680275147027, 0.7027440440962681, 0.7422434738215052, 0.7652531604234039, 0.7757385189088528, 0.8289008421291677, 0.8409205140220144, 0.8614031206479107, 0.8667047926496287, 0.8790089858636352, 0.8942116667121658, 0.9014557822864774]
alc_std: 0.004234532101139522
nauc_mean: 0.9774790513744687
alc_mean: 0.8355358438048134
nauc_std: 0.0011324983463144175
nauc_var: 1.28255250440489e-06
alc_var: 1.7931262115581093e-05
