score: 0.0035157837095027905
Duration: 220.13820433616638
timestamps: [48.6453902721405, 62.06025004386902, 79.05971312522888, 103.88787031173706, 142.74242877960205, 211.8493492603302, 220.13820433616638]
nauc_scores: [0.001337496314240516, -0.002339571499015869, 0.01107789212670296, 0.00039177979731275236, -0.003993828490097329, 0.007123004346716311, 0.006589253811725593]
accuracy: [0.008372831931934416, 0.04969364407559949, 0.05587368362953094, 0.01052631577426503, 0.02067361489748656, 0.04958342325098291, 0.05072029109541152]
alc_var: 2.9566804649998566e-06
nauc_std: 0.004215339112099613
alc_mean: 0.003521748632755186
nauc_mean: 0.00765346083052657
alc_std: 0.001719500062518131
nauc_var: 1.7769083829996756e-05
