score: 0.8854640573495446
Duration: 55.508379220962524
timestamps: [11.475838661193848, 21.514468908309937, 38.35813045501709, 55.508379220962524]
nauc_scores: [0.9310958750986416, 0.9310958750986416, 0.9405179123436487, 0.9405179123436487]
accuracy: [0.5602228852228279, 0.5602228852228279, 0.6803661743859246, 0.6803661743859246]
alc_std: 0.0038254451520273957
nauc_mean: 0.9409118765524198
nauc_std: 0.002693368009223471
nauc_var: 7.254231233108403e-06
alc_var: 1.4634030611169904e-05
alc_mean: 0.8853772715445164
