score: 0.002248335664542845
Duration: 17.251980304718018
timestamps: [4.901381015777588, 6.4300596714019775, 7.862059593200684, 9.556254625320435, 11.137760877609253, 12.898833513259888, 14.602701425552368, 16.725128650665283, 17.251980304718018]
nauc_scores: [0.017456566737391377, 0.02008359702711937, 0.01385459345429707, 0.031531984684420866, -0.013129816603258293, 0.0035286191591064053, 0.0012319682226125117, 0.00184547544142033, 0.00184547544142033]
accuracy: [0.4970448537304087, 0.4986200863668058, 0.5128771591019164, 0.49885069303200824, 0.499849780233229, 0.5022606484929572, 0.5000401340328774, 0.5000437297066322, 0.5000437297066322]
alc_var: 9.126603886054881e-07
nauc_var: 1.708153143080446e-06
nauc_mean: 0.0017893036292941033
nauc_std: 0.0013069633288965861
alc_std: 0.0009553326062714954
alc_mean: 0.0023167317725192073
