score: 0.8813604201828354
Duration: 30.00132465362549
timestamps: [3.216968297958374, 3.8576767444610596, 6.523921012878418, 9.245232343673706, 11.87260127067566, 14.477510690689087, 19.26858401298523, 21.90199565887451, 22.039095163345337, 24.510210752487183, 24.649937391281128, 27.18804955482483, 27.323310613632202, 29.864713191986084, 30.00132465362549]
nauc_scores: [0.24103912481021816, 0.6415536972805511, 0.8555390671723744, 0.8842040611065649, 0.9081307521527597, 0.8996922676018804, 0.8970504017151335, 0.9174117528642669, 0.915000945464741, 0.9085650974948074, 0.9056465583999143, 0.9005410822106166, 0.8998815990848441, 0.901091709461668, 0.9034163910929593]
nauc_std: 0.02254613608034213
alc_var: 0.00020148508817289485
alc_std: 0.014194544310152928
alc_mean: 0.8839638267699155
nauc_mean: 0.909060979510467
nauc_var: 0.0005083282521533051
