score: 0.8581415074469743
Duration: 657.0133256912231
timestamps: [13.656006813049316, 16.664665937423706, 23.75168204307556, 32.113959074020386, 43.121047019958496, 56.42384672164917, 71.29905581474304, 87.36079382896423, 105.76073718070984, 127.46061539649963, 150.32467818260193, 282.99021315574646, 657.0133256912231]
nauc_scores: [0.6950710562056492, 0.749560770501327, 0.7755569827615298, 0.8413855274183413, 0.8898998209026869, 0.8899150232528563, 0.9230926414040792, 0.9351632883039105, 0.9455002071446446, 0.9505356962290605, 0.9526193674854124, 0.9539461156296603, 0.9280082210346752]
accuracy: [0.6678250051975926, 0.758603393005923, 0.7172404101678402, 0.807449377422463, 0.7905633840253313, 0.8280124213776056, 0.8397868419313288, 0.8505214814862566, 0.868989414972442, 0.8749733979494139, 0.8766316219290294, 0.8805265778221157, 0.841609444779989]
nauc_std: 0.0018442543496387546
alc_std: 0.0006434682060356656
nauc_var: 3.4012741061614655e-06
alc_var: 4.140513321787579e-07
alc_mean: 0.8582561013387494
nauc_mean: 0.9283371121076275
