score: 0.791320335538203
Duration: 14.438371896743774
timestamps: [2.66037654876709, 8.981357097625732, 10.315025329589844, 11.65291690826416, 13.029965877532959, 14.438371896743774]
nauc_scores: [0.7774931001872118, 0.763746550093606, 0.8018221778318184, 0.8038981529731921, 0.8001901067299713, 0.8038981529731921]
accuracy: [0.7040282693895027, 0.7023751527719403, 0.7641248293256216, 0.7734825566911663, 0.7888602838079868, 0.7734825566911663]
alc_var: 0.00040107801970143376
nauc_var: 7.867711575153819e-05
alc_std: 0.020026932358737166
nauc_std: 0.008870012161859654
alc_mean: 0.7774183757708883
nauc_mean: 0.8079946966678566
