score: -0.00678560109874052
Duration: 1117.0098993778229
timestamps: [527.397177696228, 556.8752670288086, 584.6814339160919, 610.447911977768, 635.2076108455658, 660.6640996932983, 686.3607218265533, 715.4952981472015, 747.3252675533295, 785.7747194766998, 838.6420521736145, 920.1252641677856, 1087.6299257278442, 1117.0098993778229]
nauc_scores: [0.0, 0.0, 0.0, 0.0, 0.0, 3.6710312539156575e-05, -0.07660496203176581, -0.039007828790663, -0.034885892091881865, -0.0374802716212278, -0.05646942322959658, -0.04804930455896894, 0.002497923934607016, 0.0023040779529488464]
accuracy: [0.3235519761125085, 0.3235519761125085, 0.3235519761125085, 0.3235519761125085, 0.3235519761125085, 0.4703558498531323, 0.7816356651534407, 0.8713188280845398, 0.863213666739228, 0.46162214503119015, 0.8714989452749454, 0.8544275296618891, 0.856856996359739, 0.856844018790834]
nauc_var: 9.060447622427913e-07
alc_var: 2.5872532016847157e-08
alc_std: 0.00016084940788466446
alc_mean: -0.006730242982129431
nauc_mean: 0.0024508222592568795
nauc_std: 0.0009518638359780202
