score: 0.6907940652575828
Duration: 439.27501153945923
timestamps: [18.38599944114685, 24.936960220336914, 31.613632202148438, 38.70567989349365, 46.556209087371826, 55.764403104782104, 67.7293426990509, 85.49045968055725, 114.44355726242065, 164.14491248130798, 257.8136477470398, 438.1690089702606, 439.27501153945923]
nauc_scores: [0.7598148860759495, 0.7014999493670886, 0.7113640506329113, 0.7711307341772153, 0.7502784810126581, 0.7826956962025315, 0.8162073924050632, 0.81022582278481, 0.8113944303797469, 0.7929097721518987, 0.6798691645569619, 0.7529381265822783, 0.7529381265822783]
accuracy: [0.16963201839355493, 0.5177932865218078, 0.7582558608516808, 0.9683626504474385, 0.9819380965820339, 0.9730004600910983, 0.9807611715506269, 0.9724379325472366, 0.9833056815902217, 0.9845761196275529, 0.9623953702337098, 0.9801702228427003, 0.9801702228427003]
nauc_std: 0.04846927451294747
nauc_var: 0.0023492705718114594
alc_var: 0.0005749104867933958
nauc_mean: 0.7379016771267405
alc_std: 0.02397729106453429
alc_mean: 0.6991591941956569
