score: 0.53874667902236
Duration: 326.9734137058258
timestamps: [23.605098247528076, 40.18579983711243, 56.862014055252075, 73.39078521728516, 90.88823127746582, 110.83200860023499, 136.71110343933105, 172.46808075904846, 228.61130714416504, 326.9734137058258]
nauc_scores: [0.079571993966987, 0.09697376973976435, 0.15987714283089782, 0.32854673657872535, 0.45406304179774293, 0.5627906008121586, 0.6786231466081951, 0.730570261655102, 0.7621576351583306, 0.77813335829678]
accuracy: [0.1830697372198313, 0.19039619512405387, 0.19618843115057877, 0.2031473211356508, 0.2332164321596011, 0.2625895840861321, 0.31500989557360587, 0.36598532221740276, 0.42050497614356014, 0.47191159520268033]
alc_std: 0.008244082969887235
alc_var: 6.796490401438471e-05
nauc_var: 8.744073956402973e-05
alc_mean: 0.5406084279448377
nauc_std: 0.009350975326885946
nauc_mean: 0.7826046890937035
