score: 0.704645069891805
Duration: 171.63420033454895
timestamps: [55.10325860977173, 67.45522856712341, 80.93651485443115, 110.26655864715576, 141.6927011013031, 171.63420033454895]
nauc_scores: [5.882352941188884e-05, 0.8041894507761438, 0.9226197318218954, 0.9396324450571893, 0.9447317148692811, 0.9447317148692811]
accuracy: [0.05556094551542721, 0.3103372695567566, 0.5737461818778347, 0.6494769626282113, 0.678371661963347, 0.678371661963347]
alc_var: 1.2350218646267412e-07
nauc_mean: 0.944837028241561
alc_std: 0.0003514287786489236
alc_mean: 0.7046228311158315
nauc_var: 3.9044141228926173e-07
nauc_std: 0.0006248531125706758
