score: -0.03609035552670457
Duration: 873.2008500099182
timestamps: [26.832762718200684, 47.80114984512329, 70.24004912376404, 93.45835304260254, 120.21700119972229, 153.381596326828, 196.66997051239014, 258.899210691452, 359.4606337547302, 538.7543346881866, 873.2008500099182]
nauc_scores: [-0.06061987722337625, -0.060519713011416454, -0.05692503573914642, -0.056414841529735416, -0.055684421093037284, -0.0528541386359791, -0.053268984731969504, -0.050613314704230916, -0.03033906069973158, -0.03049631436555933, 0.0067291619566625105]
accuracy: [0.5594167253988719, 0.5528782313946939, 0.5427157786626663, 0.5217808205927975, 0.5026471071739574, 0.547241964701277, 0.5044387242742673, 0.5268047239771793, 0.5274426408199324, 0.493930610100358, 0.5331351861306208]
nauc_std: 0.012546627494154331
alc_var: 9.518429028004007e-05
alc_std: 0.009756243656245988
nauc_var: 0.0001574178614770694
nauc_mean: 0.01352434988681217
alc_mean: -0.037750852243750355
