score: -0.003196297909932198
Duration: 1082.3472278118134
timestamps: [34.35618019104004, 60.24689316749573, 85.66285586357117, 113.0303704738617, 148.13020253181458, 196.4970211982727, 274.11567544937134, 405.6514630317688, 641.4871683120728, 1082.3472278118134]
nauc_scores: [0.000771682730482004, -0.002496155500959052, -0.002551140858748857, -0.006493152220644394, -0.004670530935778294, -0.004669845620547064, -0.0037305150064949055, -0.002552035554130083, -0.007387858560999883, 0.0030194961027196765]
accuracy: [0.0142187778784074, 0.0140948634565332, 0.013875308202226048, 0.013626000629610299, 0.01350025085351007, 0.013065671588545357, 0.013174304759646151, 0.0132453431007651, 0.013335174886040664, 0.01341289421500389]
nauc_std: 0.021242892738084124
nauc_mean: 0.005751201571769005
alc_mean: -0.013911483047138887
nauc_var: 0.00045126049188174723
alc_std: 0.020337764123232946
alc_var: 0.0004136246495322612
