score: 0.17372152687991393
Duration: 912.7011172771454
timestamps: [20.143099069595337, 34.889357566833496, 49.99096894264221, 65.15014982223511, 81.20339179039001, 99.23836851119995, 120.20154619216919, 147.15327858924866, 184.70933294296265, 243.82229375839233, 349.086731672287, 540.0450947284698, 912.7011172771454]
nauc_scores: [0.0009874016845299316, 0.0015227786819009825, 0.007263272106587726, 0.02625234608302396, 0.060394318683705706, 0.10113435144701932, 0.1471069661727522, 0.18685284491946175, 0.21805073131571873, 0.24938584288454368, 0.28315108833808456, 0.29678168762729973, 0.3083341683022822]
accuracy: [0.24903074764752792, 0.24837218619200035, 0.24908164539993044, 0.25024664175927114, 0.25626650163127956, 0.2587811437518122, 0.2637286298058691, 0.2691969295158754, 0.27727449224634204, 0.28077616110993986, 0.28801921886828397, 0.2934398741569281, 0.30625743629670793]
nauc_var: 6.428510530880478e-05
alc_mean: 0.17241480095651754
alc_var: 9.033878723144903e-05
nauc_std: 0.008017799280900264
alc_std: 0.00950467186342848
nauc_mean: 0.306247681050572
