score: 0.2265322833400753
Duration: 716.806414604187
timestamps: [39.92535972595215, 41.772316694259644, 45.7081024646759, 50.95429062843323, 86.80261611938477, 96.37819051742554, 108.67844414710999, 122.80335235595703, 138.32803440093994, 156.06670951843262, 174.95839262008667, 195.98172736167908, 319.9333002567291, 345.9477128982544, 372.88091945648193, 716.806414604187]
nauc_scores: [0.2306883498708967, 0.25211620340801, 0.26820025013456616, 0.30199822572061286, 0.21852989854232674, 0.3003005300957695, 0.288183122560121, 0.22608719479950623, 0.24359423377012468, 0.23908425792758092, 0.2256542339226626, 0.25490785462065424, 0.27116076173840886, 0.27438064763304637, 0.2736798412079018, 0.29706103458472244]
accuracy: [0.337134248159608, 0.44183948895733366, 0.41618881281385073, 0.45481317978461583, 0.33050797856326986, 0.36923260287358656, 0.42512353159418226, 0.45152584893204945, 0.4290308449751921, 0.48999474264471415, 0.5438360638245969, 0.5123448598694728, 0.5287313430715144, 0.5467170901734922, 0.5299162990988918, 0.5630449318964085]
nauc_mean: 0.3011061955379983
nauc_var: 0.0007305439821017263
nauc_std: 0.02702857713794284
alc_var: 0.0002977884566326476
alc_mean: 0.23079574105043762
alc_std: 0.017256548224736244
