score: 0.0015592567327898915
Duration: 29.166086673736572
timestamps: [8.036492824554443, 10.302058935165405, 12.511586666107178, 14.845652103424072, 16.982865810394287, 19.33942222595215, 21.881187438964844, 24.52760601043701, 27.802013397216797, 29.166086673736572]
nauc_scores: [-0.004548558751447218, -0.004481321575206976, -0.0049502311857569925, -0.002449692929350711, 0.0017219917029591691, 7.215687770512069e-05, -0.000367869482703731, -0.0014238264196493322, -0.001771981132016598, 0.0020010837466586384]
accuracy: [0.04980699267376471, 0.04958430655121795, 0.050232691713606045, 0.048534794649957747, 0.04843944925898535, 0.05126961699955104, 0.050156076616565626, 0.04662591983800053, 0.049491144466377035, 0.05031923596165579]
nauc_var: 2.2508555439376986e-06
alc_mean: 1.8744320762699224e-05
alc_std: 0.0006291730893207502
nauc_std: 0.0015002851542082586
nauc_mean: 0.0006343254757366301
alc_var: 3.958587763254168e-07
