score: 0.8102723747569356
Duration: 169.26419281959534
timestamps: [12.75446629524231, 16.98454451560974, 25.243133068084717, 33.91158437728882, 46.645376682281494, 58.783501863479614, 71.44357466697693, 84.56252646446228, 96.51326274871826, 109.96580386161804, 126.25593209266663, 144.13514184951782, 169.26419281959534]
nauc_scores: [0.07101193492356894, 0.1619471150257641, 0.4769412369156041, 0.6250514751008256, 0.6250514751008256, 0.6250514751008256, 0.9082808136610239, 0.9294396151833684, 0.9466853360236036, 0.9575552015403925, 0.9641617814574064, 0.9714739111433606, 0.9759080405239933]
accuracy: [0.004317687773277724, 0.0064365048150032906, 0.009200334589769432, 0.01083947593902574, 0.01083947593902574, 0.01083947593902574, 0.025602368225875194, 0.029058980378738927, 0.049359637728155235, 0.07119397536867508, 0.08070756433637166, 0.09424536690040312, 0.1086103542531248]
nauc_mean: 0.9759303974159568
alc_std: 0.0004496498195205293
alc_mean: 0.810099988157369
nauc_std: 0.0004134926825366668
alc_var: 2.0218496019484454e-07
nauc_var: 1.7097619851136868e-07
