score: 0.019046893379672806
Duration: 9.263320446014404
timestamps: [3.997058629989624, 5.040109634399414, 6.2251904010772705, 7.48323917388916, 8.914382934570312, 9.263320446014404]
nauc_scores: [0.0, 0.0, 0.0, 0.0, 0.01870066392604164, 0.019956984733561]
accuracy: [0.4999999999999999, 0.4999999999999999, 0.4999999999999999, 0.4999999999999999, 0.5011159844225257, 0.5012010460573542]
nauc_var: 0.0002504216878734866
alc_var: 0.0001426386763981895
alc_std: 0.011943143488972637
nauc_mean: 0.019934851159784196
nauc_std: 0.015824717623815175
alc_mean: 0.01724715631334934
