score: 0.02301708104779286
Duration: 155.43812775611877
timestamps: [41.164225339889526, 48.713008880615234, 56.176342725753784, 63.6827347278595, 71.23460006713867, 81.95539140701294, 90.18811440467834, 98.83299088478088, 107.79106378555298, 118.26571369171143, 131.31093740463257, 148.59204506874084, 155.43812775611877]
nauc_scores: [0.00505547124769512, 0.00272407821082421, 0.0027744510996703386, 0.0031213593375853943, 0.0014634583066994722, 0.004888414543138486, 0.02803275460061072, 0.020428947741500725, 0.00907375469689442, 0.03275117482363621, 0.030807497385793248, 0.03271676465395568, 0.03369343529360358]
accuracy: [0.28181517307055476, 0.34073893970739605, 0.4042580988781298, 0.4524825714394045, 0.3609327963980935, 0.40051829508768977, 0.4357966159682749, 0.39612534651508075, 0.3064440982530973, 0.30871665825511163, 0.30081115856840557, 0.28641027622906096, 0.28623801934733295]
alc_var: 4.433489017548069e-06
alc_mean: 0.021079613296516843
nauc_var: 1.3306696174478878e-05
nauc_std: 0.0036478344499824658
alc_std: 0.0021055851959842584
nauc_mean: 0.03478370681925038
