score: 0.747391668469571
Duration: 1014.738278388977
timestamps: [13.019609212875366, 16.87403130531311, 21.817200183868408, 30.09778141975403, 38.7390775680542, 52.0730402469635, 63.883527517318726, 79.24399876594543, 95.5767593383789, 115.22475075721741, 140.00836086273193, 480.1078586578369, 1014.738278388977]
nauc_scores: [0.4029312756804748, 0.556520970564464, 0.667966616121533, 0.7146513133261592, 0.7498141834813847, 0.755396875477145, 0.8043857582147347, 0.8149722505332821, 0.8261477557071233, 0.8310826719728868, 0.8341355124053453, 0.8168449348476101, 0.8566797080218853]
accuracy: [0.036354197269752406, 0.051249697807245524, 0.053659525542236915, 0.10777063323227952, 0.1151145059094435, 0.11713533553701383, 0.16648172015965768, 0.1874548743340282, 0.20829135495836357, 0.23092800909951036, 0.25120861462290955, 0.3363306021818993, 0.38771764483158366]
nauc_std: 0.004969409043988106
nauc_mean: 0.8587608414136609
nauc_var: 2.469502624647078e-05
alc_mean: 0.7500644958673892
alc_var: 1.0391557126752402e-05
alc_std: 0.00322359382161469
