score: 0.4385127864693796
Duration: 999.8709790706635
timestamps: [34.84398412704468, 44.81407642364502, 62.35336661338806, 79.05902934074402, 87.9553153514862, 152.03433227539062, 232.29673957824707, 258.6571533679962, 282.51370668411255, 528.3371510505676, 566.4701027870178, 619.1078388690948, 721.4659812450409, 746.2951831817627, 809.185093164444, 999.8709790706635]
nauc_scores: [0.22099387521654856, 0.41542289650892106, 0.49773329613656947, 0.5103754734563841, 0.5099904819610928, 0.5578412551228347, 0.5223522011874631, 0.5364060788349263, 0.5370424022492888, 0.5383338058822245, 0.5454619663790841, 0.5290772447911147, 0.5466512858422041, 0.5436186909475749, 0.5528974818994998, 0.5590888703203811]
alc_std: 0.022872865248128288
nauc_var: 0.0011355416143767688
alc_mean: 0.440702335009118
nauc_std: 0.033697798360972614
nauc_mean: 0.5515661696671378
alc_var: 0.0005231679646590347
