score: 0.8433546499987699
Duration: 1017.2189033031464
timestamps: [3.6735033988952637, 5.6492085456848145, 8.50059700012207, 10.723873138427734, 12.825296640396118, 16.407742261886597, 21.59399175643921, 28.020641088485718, 37.48439383506775, 48.497217416763306, 61.48397922515869, 77.26967644691467, 93.80917024612427, 115.25809025764465, 137.19725465774536, 201.09847474098206, 226.18740892410278, 485.51522731781006, 547.1652991771698, 1017.2189033031464]
nauc_scores: [0.35677467664946505, 0.36318174276764914, 0.5308968193203298, 0.5402919131714925, 0.5591412903005826, 0.7020538415775079, 0.7607890471549594, 0.7700413886453328, 0.8311204773367138, 0.845116837654001, 0.8601467554765589, 0.8725110275092112, 0.8803282049220085, 0.8869702677153666, 0.8925940018659895, 0.9019158299976915, 0.9090693758194508, 0.9172015794499488, 0.9213565757407727, 0.9230106209798803]
accuracy: [0.0215423039579417, 0.032144423083108005, 0.03682629128357008, 0.047818503109951276, 0.04192478445439366, 0.05866460494448042, 0.09178843403384553, 0.11489836451487359, 0.1351870792701554, 0.1542094239053592, 0.14541206665086193, 0.16195514544167564, 0.1779472872310776, 0.19424023122420248, 0.20917384081232404, 0.22810859274466694, 0.2503869645136677, 0.2862919834643504, 0.31338097984986213, 0.3442447829135379]
alc_var: 1.4195326273643006e-07
alc_std: 0.00037676685461493297
nauc_std: 0.0022113266402732095
nauc_var: 4.889965509982001e-06
alc_mean: 0.8422954411121472
nauc_mean: 0.9227758323267338
