score: 0.8037299425193947
Duration: 120.94232773780823
timestamps: [31.01428246498108, 35.97294592857361, 44.53739142417908, 52.35038423538208, 60.151715993881226, 68.54494762420654, 78.94109630584717, 92.08763885498047, 107.28643369674683, 120.94232773780823]
nauc_scores: [0.3825022869992778, 0.6742040655404278, 0.675896021974979, 0.7850046578448526, 0.850497665306664, 0.9095851104700978, 0.9425390251487928, 0.9650652377498354, 0.9673760213044851, 0.9720372216209401]
accuracy: [0.6441957285322814, 0.7315226238908327, 0.72701209145288, 0.7234061880523084, 0.7571077972133579, 0.7593913638903204, 0.7641201233241175, 0.8051376071582005, 0.8188436108010746, 0.7841605741197796]
alc_var: 6.677529735380502e-08
nauc_var: 9.585220749856514e-08
nauc_std: 0.00030960007670955954
alc_mean: 0.8036490511211767
nauc_mean: 0.9720509404947757
alc_std: 0.000258409166543691
