score: 0.7578872545113267
Duration: 32.37000060081482
timestamps: [0.3850243091583252, 0.4856741428375244, 0.5986871719360352, 0.707646369934082, 0.8198509216308594, 0.9313795566558838, 1.3298118114471436, 1.5140104293823242, 1.6945469379425049, 1.8782269954681396, 3.2233073711395264, 6.152148246765137, 7.8774254322052, 9.475169658660889, 11.165999412536621, 12.7910795211792, 14.718488216400146, 16.750181913375854, 18.789592742919922, 20.688424348831177, 22.619091987609863, 24.951589822769165, 26.860778093338013, 28.784412384033203, 30.946415185928345, 32.37000060081482]
nauc_scores: [0.5865152711895203, 0.6256182575420361, 0.6369259915625236, 0.6369259915625236, 0.6369259915625236, 0.6369259915625236, 0.7066762335783887, 0.7066762335783887, 0.7066762335783887, 0.7066762335783887, 0.7066762335783887, 0.7418907750977073, 0.7458753519332424, 0.7498092641707892, 0.7528882346628567, 0.7558513919357175, 0.7578655335710434, 0.7590635197768705, 0.7601322787085081, 0.7610048753094911, 0.7614628137159112, 0.7618622220003397, 0.7620289258899346, 0.7621154970034187, 0.762156045583622, 0.762156045583622]
alc_std: 0.00847081941309668
nauc_mean: 0.7628535068098979
nauc_std: 0.004522581502555486
alc_var: 7.175478152929556e-05
nauc_var: 2.0453743447257036e-05
alc_mean: 0.756889353441345
