score: 0.44175975718444854
Duration: 1032.2291753292084
timestamps: [23.651615142822266, 42.667017459869385, 61.33128046989441, 81.74589610099792, 101.6419894695282, 124.18155097961426, 148.69702458381653, 181.1031036376953, 225.9110004901886, 293.9370446205139, 407.42312836647034, 625.9660153388977, 1032.2291753292084]
nauc_scores: [-0.0034171620888315823, -0.0007780848827293463, 0.006290366734244657, 0.020244891201472104, 0.05359956962446266, 0.06387897280073984, 0.14354595553920468, 0.2896054130864909, 0.5060003779192617, 0.8371609750243756, 0.8761722033399995, 0.9513333261523387, 0.9632813118788675]
accuracy: [0.019054474275146383, 0.020766174157578168, 0.02243116144196368, 0.023307002384873647, 0.04367119706369913, 0.03883195593328148, 0.04159228728546509, 0.05159724862959918, 0.03816696149679064, 0.2003352582275233, 0.26536192462554603, 0.4729548815053045, 0.5532736432516938]
nauc_std: 0.0013636859074964405
alc_mean: 0.44240847466326383
nauc_var: 1.8596392543043906e-06
alc_std: 0.002634034435899407
alc_var: 6.938137409503906e-06
nauc_mean: 0.9632266114118524
