score: 0.7230181266556716
Duration: 39.92997765541077
timestamps: [39.92997765541077]
nauc_scores: [0.868547691607853]
accuracy: [0.983388927687809]
