score: 0.903435808559955
Duration: 111.56081962585449
timestamps: [13.655580997467041, 22.1148738861084, 35.86263084411621, 41.61082577705383, 47.325291872024536, 53.24491572380066, 59.23549818992615, 65.1745388507843, 70.90674567222595, 76.73354244232178, 82.48319005966187, 88.38420510292053, 94.13192176818848, 99.89599180221558, 105.68108248710632, 111.56081962585449]
nauc_scores: [0.9197749979430043, 0.9197749979430043, 0.9197749979430043, 0.9571088444846076, 0.9692472808802925, 0.9734715094907052, 0.9750815134776047, 0.9754413456203277, 0.9762047502792466, 0.9759036605354701, 0.9748724599166962, 0.9754188145417717, 0.9757025074568997, 0.9752379120909569, 0.9755062022688246, 0.9755062022688246]
accuracy: [0.4542938692919836, 0.4542938692919836, 0.4542938692919836, 0.6056029120055193, 0.7032258006871839, 0.7455838219839668, 0.7763224687987899, 0.7912253283130253, 0.8003913197640073, 0.8158076489158091, 0.816844811032092, 0.8234430712011225, 0.8297362913733799, 0.8282581067483805, 0.8340071845646081, 0.8340071845646081]
alc_mean: 0.9039882546593979
nauc_mean: 0.9757663512338404
alc_std: 0.001378928503680077
alc_var: 1.9014438182613764e-06
nauc_std: 0.001487617687128105
nauc_var: 2.2130063830563724e-06
