score: 0.44952748323372693
Duration: 649.5719256401062
timestamps: [10.74335765838623, 13.177534103393555, 20.744656562805176, 28.319656133651733, 35.94534659385681, 45.95202016830444, 60.28482007980347, 75.86446857452393, 91.40394449234009, 109.53575778007507, 190.4601550102234, 411.15046429634094, 649.5719256401062]
nauc_scores: [0.10162392716871693, 0.22492127860750033, 0.31749863438768045, 0.29653086798328676, 0.33239610907575856, 0.39030256899576377, 0.35510347270112264, 0.4516568811506625, 0.516583714694691, 0.49537412926301205, 0.5350301860712225, 0.5247988909528598, 0.5409642825193768]
alc_std: 0.009492348204662257
nauc_std: 0.011779960412191388
alc_var: 9.010467443855477e-05
alc_mean: 0.4542330899586674
nauc_var: 0.0001387674673127963
nauc_mean: 0.5383948125024296
