score: 0.07813916981560813
Duration: 164.85562086105347
timestamps: [43.80142259597778, 54.87305808067322, 67.10403442382812, 80.77379727363586, 97.85144400596619, 120.57992172241211, 155.49495601654053, 164.85562086105347]
nauc_scores: [0.0010699035090409037, 0.001628699679313117, 0.014136642527500909, 0.07814382194220815, 0.1222704945675932, 0.10033958425816225, 0.10931783038033038, 0.10931783038033038]
accuracy: [0.00024027824253153947, 0.006632376100605739, 0.04714367493768197, 0.036724710998081084, 0.04071685687947094, 0.04252037362742187, 0.05144361952403856, 0.05144361952403856]
nauc_std: 0.006199818873524436
alc_var: 8.728646723678893e-06
nauc_mean: 0.1085335420449346
alc_std: 0.0029544283243427808
alc_mean: 0.07862279249782204
nauc_var: 3.8437754064509806e-05
