score: 0.8519930957614632
Duration: 758.6576840877533
timestamps: [11.308297872543335, 13.288472414016724, 16.259741067886353, 20.331329584121704, 34.0359320640564, 56.4574294090271, 85.58243751525879, 124.31872606277466, 299.51706767082214, 758.6576840877533]
nauc_scores: [0.2381383377031776, 0.4280267078952318, 0.5948035030880949, 0.7354280025890887, 0.8779897416232756, 0.9153294698226149, 0.9326450184339437, 0.9393701219206412, 0.9390636534984069, 0.9534817800221724]
accuracy: [0.017538042635146692, 0.04211870019271331, 0.06115706249345069, 0.08511940833357519, 0.1399127262087723, 0.22619631962149817, 0.301554911208069, 0.37225933331114414, 0.44427068019305566, 0.5110555800074413]
nauc_std: 0.0016946545493609216
alc_std: 0.0007802622967315263
alc_var: 6.088092517007564e-07
alc_mean: 0.8515972765669855
nauc_mean: 0.9543413303704227
nauc_var: 2.8718540416696685e-06
