score: 0.9740629010365631
Duration: 9.12160849571228
timestamps: [2.797037363052368, 3.3366479873657227, 4.749693155288696, 5.3977649211883545, 5.9350128173828125, 7.06618332862854, 9.12160849571228]
nauc_scores: [0.5163098454917694, 0.8176398173394281, 0.8078542217410523, 0.9425456190370891, 0.9121121460240842, 0.9749756353776522, 0.9929017059254306]
accuracy: [0.5837089947645181, 0.7394045343712052, 0.6960892609501571, 0.7812168269337983, 0.7705534471355103, 0.7889586447183925, 0.8394846545049091]
alc_mean: 0.9732933719181457
nauc_mean: 0.9930656677314808
nauc_var: 1.6570964840571473e-06
alc_var: 3.38776497066365e-06
nauc_std: 0.0012872825968128162
alc_std: 0.0018405882132252315
