score: 0.5037500986982962
Duration: 1132.7746744155884
timestamps: [68.78757452964783, 71.59933352470398, 93.45292210578918, 163.2870855331421, 178.89375710487366, 201.59405851364136, 215.36297798156738, 237.76025390625, 360.4857313632965, 446.89803552627563, 526.0495231151581, 599.0765643119812, 636.0122683048248, 669.3927521705627, 702.8830378055573, 736.7100217342377, 769.9289224147797, 806.4985997676849, 840.606614112854, 886.5432460308075, 910.517477273941, 941.9254236221313, 1010.9128935337067, 1080.3331961631775, 1132.7746744155884]
nauc_scores: [0.5219724414028801, 0.573270399673099, 0.6341507198335508, 0.6666386579293444, 0.680284634408306, 0.680284634408306, 0.680284634408306, 0.680284634408306, 0.680284634408306, 0.680284634408306, 0.680284634408306, 0.680284634408306, 0.7151096305182885, 0.7136104968058314, 0.7095121253155456, 0.7095530056765371, 0.7153613532702401, 0.7153613532702401, 0.7153613532702401, 0.7153613532702401, 0.7153613532702401, 0.7153613532702401, 0.7153613532702401, 0.7153613532702401, 0.7153613532702401]
nauc_mean: 0.7148557167967867
nauc_var: 9.62186463419062e-06
alc_var: 1.0526966265154885e-06
alc_std: 0.0010260100518588932
alc_mean: 0.5042976104051321
nauc_std: 0.0031019130603855776
