score: 0.6369857132271814
Duration: 111.0490710735321
timestamps: [70.09404444694519, 71.41578793525696, 77.27723288536072, 109.48608207702637, 111.0490710735321]
nauc_scores: [0.6753768363016015, 0.7835847598984749, 0.8413882847737661, 0.8498604741517872, 0.8579016745713801]
accuracy: [0.2021302279973104, 0.33117699996808075, 0.5281166955349832, 0.5579811725350707, 0.5763503908770624]
alc_var: 0.00013671269498350416
nauc_mean: 0.8550515305376448
nauc_var: 0.00015492564850938382
alc_mean: 0.635316049764336
alc_std: 0.01169242040740514
nauc_std: 0.012446913212093343
