score: 0.729358373637451
Duration: 46.32513070106506
timestamps: [5.027332782745361, 6.103975772857666, 6.902222156524658, 8.792508602142334, 15.078175783157349, 23.42318844795227, 35.790202379226685, 44.21326661109924, 46.32513070106506]
nauc_scores: [0.13981921231230765, 0.4751214932526624, 0.5460766869615246, 0.6982237248131724, 0.775362595842827, 0.7812239775965866, 0.8107512276455857, 0.7025290847708003, 0.7539940224024597]
nauc_mean: 0.7694031315885705
nauc_var: 0.0019681611712794437
alc_var: 0.0005185578384619727
alc_mean: 0.7578275148739031
alc_std: 0.022771865063318214
nauc_std: 0.044363962529055535
