score: 0.08259533024033944
Duration: 851.2116329669952
timestamps: [619.8259346485138, 633.6205241680145, 638.7104616165161, 650.7332174777985, 694.9397950172424, 851.2116329669952]
nauc_scores: [0.2609845620579132, 0.2609845620579132, 0.3158061204023017, 0.37595809173165695, 0.41060042810410513, 0.4288591268401396]
accuracy: [0.2836669583053721, 0.2836669583053721, 0.2933395962696764, 0.2963092148766913, 0.35331569540052365, 0.36242101715127145]
nauc_std: 0.002575017184863069
alc_mean: 0.08235807214707838
alc_var: 1.7185071816940688e-07
alc_std: 0.0004145488127704708
nauc_var: 6.630713502340124e-06
nauc_mean: 0.42992745612600924
