score: -0.03586754192405985
Duration: 10.377223014831543
timestamps: [5.635308027267456, 9.609470129013062, 10.377223014831543]
nauc_scores: [0.04982126086060612, -0.1865547598463161, -0.03815672236808765]
accuracy: [0.14886233683877514, 0.14038747502489957, 0.14002795415595068]
nauc_var: 0.0028540758789054313
alc_mean: -0.021435918110385335
nauc_mean: -0.01420083832661595
alc_var: 0.0012418022006038887
nauc_std: 0.053423551724922136
alc_std: 0.035239213961209305
