score: 0.876208948768197
Duration: 556.2961316108704
timestamps: [11.727781534194946, 13.951392412185669, 18.049238443374634, 21.5290584564209, 24.922839164733887, 29.174274682998657, 35.47084164619446, 43.57386016845703, 54.685871601104736, 67.53267931938171, 81.98937487602234, 98.55850553512573, 117.47589564323425, 137.94313621520996, 198.22472500801086, 551.8765528202057, 556.2961316108704]
nauc_scores: [0.628009586174042, 0.7834342876325091, 0.7789182658617402, 0.8286501665007608, 0.8118520585562852, 0.8547541112396644, 0.885376884140809, 0.9034047432612411, 0.9046666541952328, 0.902965327201317, 0.9261505333886095, 0.9344968989554943, 0.9418654380063691, 0.9506335914552286, 0.9578074711145725, 0.9602555948246971, 0.96060931920925]
accuracy: [0.6952865528205715, 0.7514665131453117, 0.7495476272796986, 0.7726253525156687, 0.7574598070731828, 0.7621981314774106, 0.78659939614036, 0.8137168132532177, 0.8160064619226732, 0.8060821639279061, 0.818415886116036, 0.8281050648298798, 0.8390239623584879, 0.855122692641119, 0.8742355832409495, 0.8805025960510708, 0.8864159324631149]
nauc_std: 0.0011874840686847687
alc_var: 1.3912410763685951e-06
alc_mean: 0.8760190370118719
alc_std: 0.0011795088284402941
nauc_mean: 0.9600262591582099
nauc_var: 1.4101184133801328e-06
