score: 0.74470835071776
Duration: 252.42744779586792
timestamps: [35.019543170928955, 90.24793314933777, 97.57651162147522, 104.80828523635864, 112.1042799949646, 119.3294985294342, 126.45870208740234, 133.2886266708374, 140.1692590713501, 147.02644777297974, 156.04452800750732, 164.92368054389954, 171.8160045146942, 178.62489104270935, 193.6778039932251, 202.32690382003784, 209.07247018814087, 252.42744779586792]
nauc_scores: [0.8316824806442737, 0.8422020269681583, 0.8600629629870917, 0.868024338589271, 0.8738890368219407, 0.8749765040283017, 0.8788341699835145, 0.8810580202556932, 0.8827197650419045, 0.884467907039497, 0.8860754112026166, 0.8881358832331707, 0.8893665429232194, 0.889211942920197, 0.8898269265445264, 0.8926070033568456, 0.8933884135500063, 0.8901966287272816]
accuracy: [0.37817925025178484, 0.4592186393933219, 0.45273875164833394, 0.5257358679141825, 0.47457421869257754, 0.4878717990284739, 0.4973194537210254, 0.5100677993066325, 0.4927401848477163, 0.5216338950679281, 0.4900107767823066, 0.5132915914986098, 0.532503513795825, 0.5175277230588952, 0.5020829343120888, 0.5296793853198868, 0.5423056779256565, 0.5425199070872566]
