score: 0.678152067725984
Duration: 306.6241104602814
timestamps: [19.422430515289307, 26.53662395477295, 33.41808247566223, 41.02049016952515, 49.031593561172485, 58.48786544799805, 72.3990912437439, 91.99397110939026, 127.77668833732605, 192.7072560787201, 305.2647831439972, 306.6241104602814]
nauc_scores: [0.7616648101265824, 0.012404253164556955, 0.7175404556962024, 0.7281113924050633, 0.803368506329114, 0.8164330126582278, 0.8173079493670885, 0.7893229367088608, 0.8160307848101267, 0.8049028860759495, 0.7354474936708861, 0.7354474936708861]
accuracy: [0.1830707323116289, 0.33901283318030573, 0.6809376236366006, 0.9548277405961993, 0.9747130786210341, 0.9689574948701148, 0.9750887980735184, 0.9814966491958302, 0.9811166899414595, 0.9820931097202501, 0.9817975822060553, 0.9817975822060553]
nauc_mean: 0.7434356998219138
nauc_var: 0.0008712615944543565
alc_std: 0.026006897578685878
alc_var: 0.0006763587216682574
nauc_std: 0.02951714068900232
alc_mean: 0.7053497090441441
