score: 0.17208297133121686
Duration: 970.8641557693481
timestamps: [220.56649923324585, 269.24781608581543, 325.3138282299042, 474.5114414691925, 970.8641557693481]
nauc_scores: [0.00020995789909572515, 0.25792834048663393, 0.39518847624199394, 0.42166725979350494, 0.383750540934213]
accuracy: [0.03230586825045007, 0.05004521205649214, 0.06768759156752115, 0.07242332812280168, 0.06591969927193901]
nauc_std: 0.0006078757438230232
alc_std: 0.0003349369813943971
nauc_mean: 0.3839204336263936
alc_var: 1.1218278150559069e-07
nauc_var: 3.6951291992839367e-07
alc_mean: 0.17225633411391333
