score: 0.9200132273903541
Duration: 99.34114742279053
timestamps: [2.8385941982269287, 4.411597490310669, 8.980473279953003, 14.864372491836548, 22.638819217681885, 32.47809958457947, 44.785496950149536, 58.4679753780365, 72.89590096473694, 91.51032257080078, 99.34114742279053]
nauc_scores: [0.5762945898484426, 0.5323743124579121, 0.89048706687364, 0.9877580629501221, -0.24595442795898015, 0.9963271369863851, 0.9891875918233868, 0.9984912857492227, 0.9986916799872849, 0.9988623459817951, 0.9989106898075173]
accuracy: [0.5824248508291193, 0.553632923785509, 0.8258130654224857, 0.9226180677533474, 0.5587943563395531, 0.9555497320592299, 0.9301111306365387, 0.9766144954588704, 0.9797834457442284, 0.9793518547808135, 0.9805808641041067]
nauc_mean: 0.9989858016234304
alc_mean: 0.9204855185034825
nauc_std: 0.0001344226501628
alc_std: 0.00043024469734806133
nauc_var: 1.806944887679051e-08
alc_var: 1.851104995961249e-07
