score: 0.9484231905037639
Duration: 62.33544588088989
timestamps: [3.3108785152435303, 4.095540523529053, 5.9486143589019775, 6.871862888336182, 7.879295110702515, 9.61111068725586, 13.561637163162231, 19.520474433898926, 27.573525190353394, 37.320584535598755, 49.0085883140564, 62.33544588088989]
nauc_scores: [0.5430253760351427, 0.27599947132950065, 0.6560454712338757, 0.41115884071746933, 0.674195804663132, 0.7334459168167831, 0.8544284740986547, 0.9749305332943987, 0.9708007873825011, 0.9827126856687611, 0.9881918942538537, 0.9912605896067166]
accuracy: [0.5744710209193771, 0.5697371954984751, 0.6277261629283541, 0.5480416973193445, 0.630231085504074, 0.6426358448273227, 0.7545152276162151, 0.8729868374064003, 0.8734664883826615, 0.8933738137739136, 0.8910398478716354, 0.9094595946721468]
alc_var: 5.985402298966938e-07
nauc_var: 6.464329379006691e-07
nauc_std: 0.0008040105334513156
alc_mean: 0.9482462733132166
nauc_mean: 0.9908238631404955
alc_std: 0.0007736538178647436
