score: 0.8551821690596079
Duration: 1016.943526506424
timestamps: [4.137623310089111, 6.677225589752197, 11.628258466720581, 18.75868797302246, 27.02600884437561, 38.73175120353699, 51.8691291809082, 66.84282565116882, 83.72238445281982, 103.2448399066925, 124.98818707466125, 147.56626510620117, 196.43382096290588, 222.8616428375244, 277.79413890838623, 576.178092956543, 1016.943526506424]
nauc_scores: [0.33982254633653564, 0.5281160492457615, 0.6916019239427971, 0.7359227629096887, 0.8303443604917538, 0.8574010894920407, 0.868040992104508, 0.8841409392162958, 0.8790358935768545, 0.8890142516727386, 0.8934181884037651, 0.8992117936266046, 0.9065659433600237, 0.9184896270006704, 0.9284090831139307, 0.9130291067339065, 0.9281657668112588]
accuracy: [0.01766797661810592, 0.03721907349442834, 0.06943461058625335, 0.09945844410541123, 0.14566927728020757, 0.18766851413175, 0.21147434074400948, 0.24478744912681008, 0.2541117571684815, 0.2765021708360122, 0.2879903206142954, 0.29386906219952297, 0.32976022451091486, 0.36661730194568104, 0.4062893547307798, 0.43761046664596054, 0.4583156744454665]
alc_mean: 0.8551287857744729
nauc_var: 1.2467400420146757e-06
nauc_std: 0.0011165751394396509
nauc_mean: 0.9294859677626166
alc_std: 0.001628609528142967
alc_var: 2.6523689951580573e-06
