score: 0.8978809510288783
Duration: 206.33246612548828
timestamps: [9.53199315071106, 12.172219038009644, 14.622090578079224, 17.43979549407959, 20.494093418121338, 26.118262767791748, 37.8794891834259, 46.39022445678711, 59.89977192878723, 96.11372876167297, 206.33246612548828]
nauc_scores: [0.08154154160997562, 0.3762809501189741, 0.5126236721959114, 0.603338723335682, 0.6796265715220744, 0.8247940500679556, 0.9457429545118279, 0.9856854137217845, 0.9787801180921867, 0.9877631725128111, 0.991915157264835]
accuracy: [0.025126858777943833, 0.12215815239203798, 0.2498560167865656, 0.3207930568413295, 0.3777999185898712, 0.4782155439187675, 0.6148490884574488, 0.7049587341182627, 0.623781279967361, 0.705916634150772, 0.7832503889464981]
alc_std: 0.000415672157573395
nauc_var: 2.0740187460538462e-07
nauc_std: 0.00045541395960750327
nauc_mean: 0.991811314279001
alc_var: 1.727833425817213e-07
alc_mean: 0.8978707586152475
