score: 0.6606406133182036
Duration: 486.66777443885803
timestamps: [43.29101347923279, 73.1251380443573, 125.1924843788147, 145.46361207962036, 165.6917130947113, 186.04928374290466, 206.16624760627747, 226.6154067516327, 246.9517560005188, 267.51074600219727, 288.76562690734863, 310.02325415611267, 331.716845035553, 353.4024636745453, 375.2381749153137, 397.48195719718933, 419.4668462276459, 441.60209012031555, 464.199321269989, 486.66777443885803]
nauc_scores: [0.1967904916413774, 0.8275923228869451, 0.8216921315449994, 0.8827154134505855, 0.8791122860759393, 0.8875828068538121, 0.8886313370647232, 0.8909336392160143, 0.8866384227400792, 0.8879707193296689, 0.888091201127712, 0.8880122986918315, 0.8873388267568756, 0.8866572801573349, 0.8880753604441658, 0.8820451950870392, 0.883402626707158, 0.8849711266128695, 0.8814272302938719, 0.8814272302938719]
accuracy: [0.11415410481167852, 0.4025228075628708, 0.3748157698804505, 0.5092457242588131, 0.4760937251117462, 0.5008291459982466, 0.5149384782575956, 0.566138734524329, 0.5501998967831655, 0.6072178361376079, 0.6144358600714486, 0.6508107199697949, 0.642855431123751, 0.6384705788101782, 0.6298152284847086, 0.6195807267147907, 0.6462189769534905, 0.6598844783984977, 0.6715639796137433, 0.6715639796137433]
alc_var: 5.415707959436588e-07
nauc_mean: 0.8822351077521999
nauc_std: 0.0019301979742515143
alc_mean: 0.660672081645541
alc_std: 0.0007359149379810542
nauc_var: 3.72566421980465e-06
