score: 0.83881241778005
Duration: 49.46325397491455
timestamps: [17.82975459098816, 23.06375527381897, 26.58488130569458, 29.79175877571106, 33.09585523605347, 36.355321168899536, 39.572943687438965, 42.80078172683716, 46.0376091003418, 49.46325397491455]
nauc_scores: [0.8257032100228723, 0.8257032100228723, 0.8285482837136862, 0.880369979727099, 0.9001317212457667, 0.9091254570929133, 0.914821363013459, 0.9191006328136619, 0.923325836331802, 0.923325836331802]
accuracy: [0.7553640910974284, 0.7553640910974284, 0.7396166403150027, 0.7726944312066776, 0.8143064102833869, 0.8340213685838402, 0.8448109294656461, 0.8452928325584951, 0.8376611780254613, 0.8376611780254613]
nauc_var: 9.547722663623392e-06
alc_var: 7.663415266164025e-06
nauc_std: 0.003089938941730628
nauc_mean: 0.9240673774133498
alc_mean: 0.8385961866130925
alc_std: 0.00276828742477439
