score: 0.3530265273446456
Duration: 33.69805312156677
timestamps: [9.752642154693604, 12.891445875167847, 16.26750111579895, 20.49495506286621, 25.274396419525146, 31.716420888900757, 33.69805312156677]
nauc_scores: [0.10952205086419275, 0.23846649602908299, 0.25722135453533235, 0.31871380660497506, 0.4052518111106427, 0.3979161691087978, 0.38052359027671945]
accuracy: [0.18387392210157397, 0.21849450591363487, 0.2633431626301297, 0.2839040324239075, 0.26931027541284747, 0.23532795608652032, 0.23189650702693354]
alc_mean: 0.3596013390398118
alc_std: 0.007660219601036111
nauc_var: 0.0004007377443119108
alc_var: 5.867896433609783e-05
nauc_mean: 0.37857056776170045
nauc_std: 0.0200184351114644
