score: 0.6144846915457673
Duration: 335.9452931880951
timestamps: [38.747812032699585, 63.417076110839844, 78.61395764350891, 93.79568934440613, 109.20026516914368, 124.54498958587646, 139.3784728050232, 154.093900680542, 169.31003761291504, 184.4070234298706, 199.47387027740479, 214.56613183021545, 230.11430430412292, 245.43077111244202, 260.54973220825195, 275.80844140052795, 290.8345444202423, 306.0492613315582, 320.8016073703766, 335.9452931880951]
nauc_scores: [0.7604840627093352, 0.7604840627093352, 0.7604840627093352, 0.7604840627093352, 0.7604840627093352, 0.7330862845322017, 0.7251514852755383, 0.7331236469274938, 0.737950293234859, 0.7304451099245992, 0.7464040619952432, 0.7467962933573535, 0.7352844272367525, 0.7449534869260477, 0.7189877516333938, 0.7349071260240392, 0.7375772986065123, 0.7310760485536814, 0.7297789813310058, 0.7208483029559796]
accuracy: [0.5071885239923113, 0.5071885239923113, 0.5071885239923113, 0.5071885239923113, 0.5071885239923113, 0.49066403280910453, 0.5069033504374253, 0.5166097413303959, 0.5004680793921717, 0.5019770271929771, 0.5246686302009826, 0.5078923597736448, 0.5214526159175611, 0.5242792859640797, 0.5190162669710662, 0.5254709568932653, 0.5311814298833971, 0.5241577245923641, 0.5319480713508897, 0.5346245467399962]
alc_mean: 0.6216491344299758
nauc_std: 0.033164240195837774
nauc_var: 0.001099866827767222
alc_var: 0.0009428232530645196
alc_std: 0.030705427094644355
nauc_mean: 0.7515412459459357
