score: 0.867438599805761
Duration: 13.88048768043518
timestamps: [0.34262633323669434, 0.4484059810638428, 0.6016201972961426, 0.7731444835662842, 0.9362161159515381, 1.0922627449035645, 2.1482632160186768, 2.5121452808380127, 3.2746293544769287, 3.6540234088897705, 4.020079135894775, 6.106415033340454, 7.419831037521362, 8.756115674972534, 10.090505599975586, 11.460436820983887, 12.345529317855835, 13.88048768043518]
nauc_scores: [0.4615372890449714, 0.5658449480538486, 0.6141157722417327, 0.6301949962198812, 0.6397268406740806, 0.6455993622573408, 0.8162526826651058, 0.823973347112477, 0.8320544946834456, 0.8409419660277044, 0.8490882749243975, 0.8506075626768119, 0.8647494756609113, 0.8702573224563457, 0.8729015004633696, 0.8730630700663349, 0.8723668727441225, 0.8723668727441225]
accuracy: [0.5011968746913574, 0.6032807592592586, 0.5226534851851846, 0.5412705716049377, 0.555531192592592, 0.5670412753086413, 0.5378160256172834, 0.5709144410493822, 0.5991350944444437, 0.6232672314814808, 0.644134215123456, 0.6442363484567895, 0.6810743682098758, 0.700751111842506, 0.7124903958816279, 0.7190440043347607, 0.7230620733920782, 0.7230620733920782]
nauc_var: 1.4708476996104689e-05
alc_mean: 0.8623134561327263
alc_std: 0.014659338459997414
alc_var: 0.00021489620408475936
nauc_std: 0.003835163229395157
nauc_mean: 0.8743481915828323
