score: 0.17913651686775106
Duration: 154.1892728805542
timestamps: [27.448678731918335, 33.87670564651489, 40.79718375205994, 48.1964430809021, 56.87867021560669, 68.12576675415039, 83.58761978149414, 108.01237106323242, 149.81195855140686, 154.1892728805542]
nauc_scores: [0.04012215597243096, 0.048587946445990626, 0.04914380805692997, 0.057118245193005235, 0.08100491667149967, 0.11238752035393862, 0.11100682299737308, 0.2192159875905404, 0.25191022651983364, 0.24808153530267152]
nauc_mean: 0.25498287271062964
nauc_std: 0.016499321065533448
alc_var: 0.00015999784207804924
alc_mean: 0.17965615634245907
alc_std: 0.01264902534103119
nauc_var: 0.0002722275956235558
