score: 0.7581809883292651
Duration: 346.0580952167511
timestamps: [17.666019439697266, 20.502469778060913, 24.335261344909668, 30.074148893356323, 38.522538900375366, 48.65165114402771, 71.8915114402771, 86.72416353225708, 103.06150507926941, 120.83086776733398, 172.44075536727905, 182.00006484985352, 191.51190161705017, 200.9211392402649, 213.38707423210144, 226.1800343990326, 241.618958234787, 260.07185554504395, 278.8840157985687, 342.9589149951935, 346.0580952167511]
nauc_scores: [0.26014867059330715, 0.4876866663726811, 0.5979106669362129, 0.7505966349209372, 0.7954470679597667, 0.8286381854319576, 0.832842228095757, 0.8381087577401163, 0.8428206163471308, 0.8389235983234977, 0.8177687696120941, 0.8263456962513687, 0.8477940185362607, 0.8558119357753808, 0.847189031983592, 0.826344403408767, 0.8490516416590455, 0.8463011538066769, 0.8594107346151785, 0.8688166933022681, 0.8688166933022681]
nauc_mean: 0.8703526558739949
nauc_std: 0.011706394032976434
nauc_var: 0.00013703966125530625
alc_var: 7.40441930296268e-05
alc_mean: 0.7600268806016652
alc_std: 0.008604893551324549
