score: 0.0
Duration: 1031.2036175727844
timestamps: [25.245192527770996, 45.33921217918396, 65.81569647789001, 86.6791501045227, 107.50934743881226, 130.33058190345764, 156.10127782821655, 188.3467559814453, 232.25777626037598, 300.0417981147766, 416.42950963974, 628.5704829692841, 1031.2036175727844]
nauc_scores: [0.0, 0.0, 0.0, 0.0, 0.0, 0.0, 0.0, 0.0, 0.0, 0.0, 0.0, 0.0, 0.0]
accuracy: [0.0999999999999999, 0.09999999999999992, 0.09999999999999988, 0.0999999999999999, 0.09999999999999988, 0.09999999999999988, 0.0999999999999999, 0.09999999999999992, 0.0999999999999999, 0.0999999999999999, 0.09999999999999988, 0.09999999999999991, 0.09999999999999987]
nauc_std: 0.0
nauc_var: 0.0
alc_var: 0.0
alc_mean: 0.0
nauc_mean: 0.0
alc_std: 0.0
