score: -0.0004914153528884261
Duration: 39.501519203186035
timestamps: [12.195300340652466, 13.965978622436523, 15.694002866744995, 17.48637628555298, 19.27932596206665, 21.089760780334473, 23.323586463928223, 25.76846480369568, 28.79213857650757, 32.48832583427429, 38.38752841949463, 39.501519203186035]
nauc_scores: [0.005085607434856865, -0.010372337173402024, 0.004278629962545244, -0.0009429429745397844, -0.006522078522583463, -0.00439607571924161, -0.0007883510871694588, -0.000798019745105738, -0.011309130597122019, -1.0166309447834365e-05, 0.0, -0.00026759432700029784]
accuracy: [0.4363210063308353, 0.4224507928607495, 0.42184182374529, 0.3626463495086546, 0.32457081744305866, 0.30398873976471713, 0.4697904984538491, 0.46771816781052267, 0.48651333448452927, 0.5001544232589339, 0.49999432704291946, 0.4999274591544352]
alc_std: 0.00027066171215381856
alc_var: 7.325776242603652e-08
nauc_std: 0.00032109736290051287
nauc_mean: -0.0003738512972170205
alc_mean: -0.000713286744748577
nauc_var: 1.0310351646166365e-07
