score: 0.23067173727958015
Duration: 785.7140333652496
timestamps: [18.639995336532593, 23.478438138961792, 31.153897523880005, 40.920228242874146, 50.53608155250549, 64.09719014167786, 77.77290511131287, 95.64844465255737, 118.11626029014587, 137.85304927825928, 158.8579020500183, 184.12973856925964, 210.09779238700867, 237.0203239917755, 266.0170679092407, 298.89576482772827, 331.3064613342285, 568.4147667884827, 785.7140333652496]
nauc_scores: [0.1236010885503882, 0.08952566418992625, 0.18385388570095418, 0.19257623822374015, 0.21716175188549736, 0.2628755630241866, 0.2168912864888204, 0.2618249430300861, 0.3166249731561708, 0.30916037915147165, 0.23254536105759738, 0.3094081558904507, 0.25915556930295724, 0.27093426854318614, 0.30860135319572635, 0.2675899824585213, 0.2923985573081991, 0.251062169907861, 0.2496705344486072]
accuracy: [0.08535799892832321, 0.07686107063372787, 0.09460614837515885, 0.09439888605948529, 0.10205459481530757, 0.09523914114639088, 0.09280327752346744, 0.10782563952867313, 0.10696996594624747, 0.11266005436148877, 0.1055034874640281, 0.11093708020491279, 0.11880130664197987, 0.1187102505369427, 0.12193121129574981, 0.11864121020076861, 0.12301841639373963, 0.1200985651168674, 0.11858042362044756]
alc_var: 0.00013028999020885928
alc_std: 0.011414464078915807
nauc_std: 0.011601160387585376
alc_mean: 0.21567055808542612
nauc_var: 0.00013458692233848008
nauc_mean: 0.24662300616123162
