score: 0.8360907035859246
Duration: 298.8610825538635
timestamps: [16.084286212921143, 19.45354962348938, 27.518706560134888, 37.64434242248535, 48.89276456832886, 61.485249042510986, 76.25195527076721, 93.94417834281921, 114.05730819702148, 135.45091652870178, 159.2335720062256, 185.56012797355652, 213.67088532447815, 244.59890007972717, 298.8610825538635]
nauc_scores: [0.5702230341015959, 0.5482199740558695, 0.7041935227135383, 0.7664512631481788, 0.8083965636597916, 0.8575596152301224, 0.878129476900273, 0.900317529275817, 0.9133927192155522, 0.8939217031877051, 0.9428567100632339, 0.9511571783368469, 0.9650031165463173, 0.9674387341168049, 0.9730295364224257]
accuracy: [0.5958095795773823, 0.6782631424061145, 0.5891434650644501, 0.5706553377816481, 0.6776047895198074, 0.6896526207645891, 0.7205198932644803, 0.7065910453188703, 0.7390628759376983, 0.7462797868658938, 0.7926201649996615, 0.8262886190040979, 0.8480912077042884, 0.8674650843669899, 0.8867773030380379]
alc_var: 2.713825457795538e-06
nauc_std: 0.002054200414728074
nauc_var: 4.21973934386899e-06
nauc_mean: 0.9738293173785607
alc_mean: 0.8369653670476686
alc_std: 0.0016473692536269876
