score: 0.019274676296120383
Duration: 155.9098892211914
timestamps: [49.23412346839905, 59.41091966629028, 69.86713480949402, 81.93800210952759, 96.32361054420471, 116.52246046066284, 148.6779854297638, 155.9098892211914]
nauc_scores: [0.00047018014137067965, -0.014437946048161954, 0.0667192208916958, 0.017975259366161067, 0.023210909413171166, 0.008066381623653252, 0.004160738816892273, 0.027139844714934247]
accuracy: [0.013181705383022895, 0.013159862227420941, 0.013189024620633809, 0.01318377031663962, 0.013280512983673694, 0.013595747309698132, 0.013416668135985679, 0.013489456451691882]
alc_mean: 0.020031153446432283
nauc_mean: 0.03309429386302827
nauc_var: 0.00033552688747096954
nauc_std: 0.018317393031514324
alc_std: 0.013023749461727277
alc_var: 0.00016961805004184156
