score: 0.663223408831815
Duration: 19.300613403320312
timestamps: [3.3573193550109863, 4.702226161956787, 9.792797803878784, 15.255656003952026, 16.516667127609253, 17.884408473968506, 19.300613403320312]
nauc_scores: [0.6014902589348752, 0.5789650914288478, 0.6859497732639124, 0.6761604055201218, 0.7015705173860582, 0.6780172579244474, 0.6780172579244474]
accuracy: [0.5076045323119607, 0.5601442038555428, 0.6328150908723146, 0.6119406860210936, 0.639513528228064, 0.6428627540173434, 0.6428627540173434]
alc_mean: 0.677933271593627
nauc_var: 0.00034372387426692886
alc_std: 0.018808267312559804
alc_var: 0.0003537509193007056
nauc_mean: 0.6796883740071816
nauc_std: 0.018539791645725927
