score: 0.5167227037078798
Duration: 862.2949681282043
timestamps: [41.97950482368469, 42.942044496536255, 55.03987216949463, 75.94276452064514, 88.1832766532898, 307.1427381038666, 521.5225563049316, 541.9166116714478, 592.6488935947418, 621.1296126842499, 862.2949681282043]
nauc_scores: [0.4712528754138725, 0.5161350451432254, 0.5860028728584741, 0.6239906201597532, 0.6419779316518837, 0.5999493818618646, 0.6570486585949398, 0.6301580246745075, 0.6712459898203249, 0.6443513004417003, 0.6530654083136194]
alc_mean: 0.5211434574672081
nauc_var: 0.0007071795657450549
alc_std: 0.014871896999616387
nauc_mean: 0.6611778596538372
nauc_std: 0.026592848018688314
alc_var: 0.0002211733203671989
