score: 0.8754375627050414
Duration: 342.3203229904175
timestamps: [10.469666957855225, 12.938844203948975, 18.665547132492065, 26.050256490707397, 34.300238370895386, 45.89422130584717, 69.76031756401062, 89.79982495307922, 121.82531213760376, 158.2675507068634, 286.3315489292145, 304.8940644264221, 330.7732892036438, 342.3203229904175]
nauc_scores: [0.40338017745594024, 0.4802099965330171, 0.5943906158751724, 0.8808804084551736, 0.9574975556633025, 0.8733088872093349, 0.9621591965770304, 0.9484326924893234, 0.9243237814359737, 0.9731320006027895, 0.9771964629876742, 0.9540515363911768, 0.9862285283856782, 0.9700520905500667]
accuracy: [0.13613595073978582, 0.20382045705684917, 0.21103079908193204, 0.3601761987161074, 0.5022982901689651, 0.3466505405946456, 0.5587211456960463, 0.5163219728137994, 0.45274486830427996, 0.6358368880681573, 0.6608821124593284, 0.560097526988657, 0.7126132257173038, 0.6033345533195037]
alc_var: 2.527902857269519e-07
nauc_var: 1.2305860214322965e-06
nauc_mean: 0.9697997801272195
alc_std: 0.0005027825431804011
alc_mean: 0.8752889844703103
nauc_std: 0.0011093178180450797
