score: 0.686853959285868
Duration: 181.64916563034058
timestamps: [5.917197227478027, 7.959049463272095, 12.359469413757324, 17.57388973236084, 26.200502157211304, 34.075775384902954, 43.848543643951416, 72.78507781028748, 76.91505479812622, 82.7964837551117, 90.73354649543762, 100.65868806838989, 112.39765453338623, 126.11514210700989, 157.67858147621155, 175.61062932014465, 179.7883083820343, 181.64916563034058]
nauc_scores: [0.22910649077525402, 0.32205377398418134, 0.6966550925719213, 0.5624314386529632, 0.6474426642386344, 0.6252661607348149, 0.7398289666302889, 0.7720649605711116, 0.7786699077831563, 0.7724564128002493, 0.7813901502618252, 0.7726546532991316, 0.7577857133086925, 0.7557375347415942, 0.7817927187097915, 0.7394052034777718, 0.724561398545317, 0.724561398545317]
alc_mean: 0.7029731036733002
alc_var: 0.0011144034465782923
nauc_var: 0.00039889438374670385
nauc_mean: 0.721148869710116
alc_std: 0.03338268183621999
nauc_std: 0.01997234046742404
