score: 0.7801529164142711
Duration: 120.49062967300415
timestamps: [42.73429203033447, 56.57858443260193, 63.10377049446106, 69.43406653404236, 76.06347846984863, 82.51552677154541, 89.00415396690369, 95.24849534034729, 101.6339681148529, 108.0241630077362, 114.22086262702942, 120.49062967300415]
nauc_scores: [0.06707342222222201, 0.9680475333333334, 0.9843887111111111, 0.9920340777777779, 0.9929655888888889, 0.9940067333333331, 0.9943442222222221, 0.9953305555555556, 0.9956141444444448, 0.9951922111111109, 0.9952947555555558, 0.9952947555555558]
accuracy: [0.10628001351023629, 0.7343314671890188, 0.8295472076508328, 0.8849938305330229, 0.8953940058318459, 0.9073250726000813, 0.9143747663985534, 0.9263929552029952, 0.933417691726947, 0.9205289218676277, 0.9274547616250789, 0.9274547616250789]
nauc_mean: 0.9953571300845111
alc_mean: 0.7802611594668736
alc_std: 0.00024065711477402614
alc_var: 5.7915846891358795e-08
nauc_var: 7.844021595284655e-08
nauc_std: 0.0002800718049944452
