score: 0.8984506674586792
Duration: 76.74712300300598
timestamps: [10.24266767501831, 11.390337228775024, 13.42391061782837, 17.466840028762817, 38.49777698516846, 52.3944251537323, 76.74712300300598]
nauc_scores: [0.42118415665158193, 0.490719484658942, 0.573821742985837, 0.6931910796590577, 0.9844705834626666, 0.9662729433466166, 0.9897894051989349]
accuracy: [0.060867845972056515, 0.13532360991595055, 0.20130065138866324, 0.29885055409760153, 0.5930629658506771, 0.5170367535563355, 0.7171441009124079]
nauc_std: 0.0005973611081808791
alc_std: 0.0006664902709658446
alc_mean: 0.898423871919508
nauc_mean: 0.9899363722390042
nauc_var: 3.5684029356708794e-07
alc_var: 4.4420928129212506e-07
