score: 0.18626147535510626
Duration: 926.1851017475128
timestamps: [227.21980261802673, 257.73181986808777, 289.4758141040802, 369.03926825523376, 649.9120943546295, 926.1851017475128]
nauc_scores: [0.06371840998688216, 0.3237310592047793, 0.41492137544987906, 0.4269248105305439, 0.3806099433561909, 0.4269248105305439]
accuracy: [0.03683630819037168, 0.04958112962254277, 0.06831108850914944, 0.06958308684116869, 0.06525746596104054, 0.06958308684116869]
nauc_std: 0.0008507665518848198
alc_var: 2.4944123155837604e-07
nauc_var: 7.238037258059859e-07
nauc_mean: 0.42715294453308
alc_std: 0.0004994409189867967
alc_mean: 0.1858680121951369
