score: 0.3958750922904977
Duration: 138.05517768859863
timestamps: [29.08936095237732, 35.975348234176636, 43.11904573440552, 50.09221601486206, 57.3707070350647, 64.70000386238098, 72.38128685951233, 80.33549332618713, 89.29417824745178, 99.84088230133057, 112.81794762611389, 132.44672870635986, 138.05517768859863]
nauc_scores: [0.010914865095705384, 0.008029809254981757, 0.005936860163393787, 0.003247090434278954, 0.0028195857084685194, 0.0029932522280129437, 0.004221549779840128, 0.010885013236092034, 0.04480056007469724, 0.17510514566566293, 0.4434958835646927, 0.6053902698780222, 0.6053902698780222]
accuracy: [0.005024781920595337, 0.005009429347643993, 0.004994765117095694, 0.005033797447781624, 0.00502510863431153, 0.005015380957434759, 0.0050513715570054294, 0.004983672193393255, 0.005048967971714828, 0.005417628130951459, 0.010443053307681688, 0.02106983858201796, 0.02106983858201796]
alc_mean: 0.3968503130036477
alc_var: 5.1518025437200415e-06
nauc_mean: 0.6057441547042239
alc_std: 0.0022697582566696484
nauc_std: 0.002696103215672052
nauc_var: 7.268972549557179e-06
