score: 0.02401659972101322
Duration: 131.2905237674713
timestamps: [40.35535955429077, 48.0880081653595, 55.766316413879395, 64.31297445297241, 72.36791443824768, 81.0718035697937, 91.10090470314026, 106.48570370674133, 125.4019877910614, 131.2905237674713]
nauc_scores: [-1.832992396755273e-06, -3.702640908653798e-06, -1.107126661070712e-05, -0.02583687560112269, -0.045648558865314826, 0.05043932371738458, 0.03774949398423977, 0.039360446431393914, 0.02809609201601404, 0.034699304221405436]
accuracy: [0.17964499999999997, 0.17964499999992545, 0.17964499999839809, 0.17957462407907696, 0.06339601699288691, 0.17344594910906527, 0.3559389564899723, 0.3128199525255542, 0.3867882355220001, 0.38676576414095465]
nauc_std: 0.00221861653808172
alc_mean: 0.025816730607850457
nauc_mean: 0.03279545996538245
alc_std: 0.0013729229415827518
nauc_var: 4.922259343049715e-06
alc_var: 1.884917403524236e-06
