score: 0.0
Duration: 946.4362196922302
timestamps: [22.851630687713623, 39.473626375198364, 57.278061628341675, 74.0730447769165, 92.0900731086731, 110.84242105484009, 131.93576216697693, 158.83380246162415, 197.43682670593262, 262.41617727279663, 370.4862103462219, 564.3557715415955, 946.4362196922302]
nauc_scores: [0.0, 0.0, 0.0, 0.0, 0.0, 0.0, 0.0, 0.0, 0.0, 0.0, 0.0, 0.0, 0.0]
accuracy: [0.5000018154859962, 0.5001069060955514, 0.4998921219110374, 0.49987620757825324, 0.49998743657331074, 0.4998459637561774, 0.5000912339373965, 0.49979078253706694, 0.4999615601317952, 0.4998419654036238, 0.4998497380560126, 0.4998794069192746, 0.49985623558484293]
nauc_var: 0.0
alc_mean: 0.0
nauc_mean: 0.0
nauc_std: 0.0
alc_var: 0.0
alc_std: 0.0
