score: 0.7833839891641184
Duration: 133.73604822158813
timestamps: [9.318438053131104, 12.036189794540405, 19.039143323898315, 27.98361039161682, 37.98217272758484, 50.06762218475342, 63.63836073875427, 78.89346885681152, 98.18926239013672, 118.04864621162415, 129.95253157615662, 133.73604822158813]
nauc_scores: [0.42437456301622567, 0.580634775841681, 0.7257509913635884, 0.7990614191994363, 0.8245206608689093, 0.8391723011459296, 0.8436912155108449, 0.8450871791356513, 0.8456643439212321, 0.8455948447551405, 0.8431287868625188, 0.8428370496034936]
nauc_var: 6.956616889220944e-06
nauc_std: 0.0026375399313035893
alc_std: 0.0014514215821979344
nauc_mean: 0.8430157999481249
alc_mean: 0.7842713009559574
alc_var: 2.1066246092699554e-06
