score: 0.016400928241417832
Duration: 45.53185057640076
timestamps: [17.699392557144165, 23.511380910873413, 30.988059997558594, 42.58665919303894, 45.53185057640076]
nauc_scores: [-0.047956643290426815, -0.018083330149335386, -0.014458236611065045, 0.01145789940244768, 0.022724444971132574]
accuracy: [0.009926057892385876, 0.009980091108184713, 0.009989925232690667, 0.01000644413331812, 0.01001435945467128]
alc_std: 0.015180543380970914
alc_mean: 0.023265131761438733
alc_var: 0.00023044889734153982
nauc_mean: 0.01876250315762793
nauc_var: 0.0009694083028874512
nauc_std: 0.03113532243108221
