score: 0.8169983086437748
Duration: 7.238222360610962
timestamps: [4.136152744293213, 7.238222360610962]
nauc_scores: [0.8352879897806134, 0.8352879897806134]
alc_std: 0.003167462930176179
alc_var: 1.0032821414040264e-05
alc_mean: 0.8173283861022289
nauc_mean: 0.8377859783625274
nauc_std: 0.013658884696183924
nauc_var: 0.0001865651311436474
