score: 0.9199449606685419
Duration: 339.3848111629486
timestamps: [5.668890714645386, 7.253016233444214, 13.986140012741089, 20.984315156936646, 29.775710344314575, 40.5389244556427, 77.70206642150879, 308.1371560096741, 339.3848111629486]
nauc_scores: [0.7685544237352306, 0.9025318941348148, 0.9007861031591908, 0.9363280778614573, 0.9552671476002492, 0.9389615728628247, 0.9525980243035181, 0.9582858244367287, 0.9575029340154513]
accuracy: [0.33663010767037443, 0.5394896746597463, 0.6231243227825046, 0.7023543092130567, 0.754782328700063, 0.770972300671241, 0.8298672504467964, 0.8518517919728515, 0.8484124303126236]
alc_mean: 0.9214311634185866
alc_var: 7.773458946246194e-06
alc_std: 0.002788092348945098
nauc_mean: 0.9560121168439943
nauc_std: 0.005832147942440253
nauc_var: 3.401394962251007e-05
