score: 0.1725234839988202
Duration: 27.35313081741333
timestamps: [8.769447326660156, 12.605250358581543, 18.140714168548584, 25.924291610717773, 27.35313081741333]
nauc_scores: [0.0002732240437157696, 0.0777322448215505, 0.06630703884536371, 0.19111834410448414, 0.19111834410448414]
alc_var: 0.0011409233753670715
nauc_var: 0.0013365618182193718
nauc_mean: 0.2033810636251549
alc_std: 0.03377755727353699
alc_mean: 0.18523904050856985
nauc_std: 0.03655901828850676
