score: 0.0
Duration: 448.16889786720276
timestamps: [18.792398691177368, 33.59378671646118, 49.350834369659424, 64.3810224533081, 81.00189137458801, 100.57362914085388, 125.10876750946045, 158.59789848327637, 210.35152196884155, 296.45017313957214, 448.16889786720276]
nauc_scores: [0.0, 0.0, 0.0, 0.0, 0.0, 0.0, 0.0, 0.0, 0.0, 0.0, 0.0]
accuracy: [0.1791680707414828, 0.2029305977856765, 0.21881160374407432, 0.19608545136049169, 0.19147555669135782, 0.19557238084988718, 0.18401337831348852, 0.20018586228596, 0.19295160437806538, 0.19296959238905653, 0.1934297516584392]
alc_mean: 0.0
nauc_var: 0.0
alc_std: 0.0
nauc_mean: 0.0
nauc_std: 0.0
alc_var: 0.0
