score: 0.2508438240520997
Duration: 166.90843391418457
timestamps: [38.44784498214722, 45.69385838508606, 53.06910800933838, 61.37457251548767, 70.84573435783386, 82.19941806793213, 97.2664225101471, 120.85314345359802, 160.0860276222229, 166.90843391418457]
nauc_scores: [0.02974940214724464, 0.1221683102224298, 0.2227722584386329, 0.24922252670848621, 0.2688628514135265, 0.293758530857412, 0.3399977321126382, 0.3481730852002167, 0.3157878855484264, 0.3157878855484264]
alc_std: 0.002114275507688138
alc_var: 4.470160922409935e-06
alc_mean: 0.2524508084310427
nauc_mean: 0.3170622375777063
nauc_var: 9.137906211363473e-06
nauc_std: 0.0030228969898697298
