score: 0.01956441693555512
Duration: 102.3557960987091
timestamps: [26.608831882476807, 32.269535064697266, 37.79799270629883, 43.495431900024414, 49.191620111465454, 56.11597681045532, 62.29350543022156, 68.74079847335815, 75.77996706962585, 84.73712134361267, 96.42688083648682, 102.3557960987091]
nauc_scores: [-0.00030055602865297626, -0.00025046335721079505, -0.00027550969293188565, -0.00025046335721079505, -0.00025046335721079505, -0.00027550969293188565, -0.00030055602865297626, -0.00028803286079237544, -0.0003631718679557583, 0.012997525151259737, 0.015518912691181441, 0.02836582136411847]
accuracy: [0.9981482808146754, 0.9981483999735546, 0.9981490568354396, 0.9981495206332318, 0.9981498919831694, 0.9981497241575951, 0.9981490645105874, 0.9981490909749052, 0.9981345455644896, 0.9981208531677143, 0.9979648154686062, 0.9978902889329436]
nauc_mean: 0.018424471576570657
alc_var: 0.0001303101778647355
nauc_std: 0.018965425507109532
nauc_var: 0.00035968736466572093
alc_std: 0.011415348346184425
alc_mean: 0.020110653767118066
