score: 0.7010229972090078
Duration: 235.9382619857788
timestamps: [56.9068329334259, 68.9092128276825, 82.40644311904907, 113.03422904014587, 143.7013053894043, 174.24123525619507, 204.9485297203064, 235.9382619857788]
nauc_scores: [-1.4705882353083233e-05, 0.8031257105800655, 0.9230468872549018, 0.940200588643791, 0.9435574560866011, 0.9437172375408498, 0.9446513717320262, 0.9446513717320262]
accuracy: [0.05557105045826063, 0.30592162052924077, 0.5881771715987362, 0.6589780278870162, 0.675235426376391, 0.6835166009620635, 0.6982522066281308, 0.6982522066281308]
alc_std: 0.0005115538921046308
nauc_std: 0.0006056004481934915
alc_var: 2.616873845273962e-07
alc_mean: 0.7008510542570731
nauc_mean: 0.9444345782619689
nauc_var: 3.6675190285215786e-07
