score: 0.91156774090082
Duration: 252.14286613464355
timestamps: [5.262617111206055, 6.644864082336426, 13.24320101737976, 21.271172285079956, 35.69497632980347, 46.56449747085571, 99.61726641654968, 252.14286613464355]
nauc_scores: [0.7852249402840501, 0.8860531647562244, 0.9280892985343614, 0.9333799191587788, 0.9465465926696803, 0.8352059115098058, 0.9598593230547336, 0.962531839200824]
accuracy: [0.31438579362581526, 0.5164086649098818, 0.6674587960954911, 0.7091203298001795, 0.7817482320103227, 0.5814708021557752, 0.837477278471639, 0.8662803678798695]
alc_mean: 0.9113453846695891
nauc_std: 0.003966259371694362
nauc_mean: 0.9646903664922091
alc_std: 0.002455918734704049
alc_var: 6.031536831470337e-06
nauc_var: 1.5731213403553355e-05
