score: 0.8295003915941972
Duration: 170.21949768066406
timestamps: [9.442561864852905, 15.864832878112793, 22.537015914916992, 29.60017228126526, 36.9154794216156, 45.910568952560425, 57.66788029670715, 76.18789100646973, 109.55700135231018, 169.16827964782715, 170.21949768066406]
nauc_scores: [0.034357275562794554, 0.09005150882961033, 0.35322264532489167, 0.6677284373816619, 0.7989550225997799, 0.9157989855398525, 0.944906812096399, 0.9582788722702245, 0.9619864664671922, 0.9552475529955473, 0.9552475529955473]
accuracy: [0.050046047589720755, 0.05022183936089052, 0.0524701844661814, 0.06594149565239732, 0.16237951852875324, 0.4588899828700899, 0.6231033859793004, 0.6993488478118092, 0.7363516484461285, 0.7041819362971788, 0.7041819362971788]
nauc_var: 1.5368649073811716e-05
alc_var: 2.96707565910431e-06
nauc_mean: 0.9553623674126005
alc_std: 0.0017225201476628103
nauc_std: 0.00392028686116357
alc_mean: 0.8260632693264102
