score: 0.9346822662650629
Duration: 66.5428307056427
timestamps: [12.114962577819824, 17.066209077835083, 21.907087802886963, 27.824490308761597, 34.33202266693115, 41.571616649627686, 50.52052640914917, 66.5428307056427]
nauc_scores: [0.912131370005774, 0.952685662908616, 0.9738137469918529, 0.9927400678691962, 0.9955121687003861, 0.9962935598059712, 0.9973570853203713, 0.9987473428348161]
accuracy: [0.7069603059632341, 0.8277487662494356, 0.896454501744665, 0.9240242374313432, 0.9429700061096234, 0.957730637905528, 0.9598634672801446, 0.97152377784314]
nauc_mean: 0.9987602196061882
nauc_std: 5.2604920389755485e-05
alc_std: 4.929870796806902e-05
nauc_var: 2.767277649212512e-09
alc_var: 2.430362607320952e-09
alc_mean: 0.9346529742366109
