score: 0.4100703340885218
Duration: 906.6442277431488
timestamps: [45.358933448791504, 66.19543290138245, 92.23927187919617, 120.94673109054565, 390.3676555156708, 646.1705746650696, 906.6442277431488]
nauc_scores: [0.3996420912944263, 0.5091092283452283, 0.5397996553733486, 0.4872667973578062, 0.5114531324295104, 0.5472640824277031, 0.5334558746260649]
nauc_var: 0.00039771137019688294
nauc_mean: 0.524233337822302
alc_std: 0.019451661690309048
nauc_std: 0.019942702178914546
alc_mean: 0.42488411770550377
alc_var: 0.00037836714251423664
