score: 0.4234273170508536
Duration: 1004.7155013084412
timestamps: [31.4238498210907, 41.163825035095215, 56.90025448799133, 72.61180996894836, 95.63458847999573, 132.0679430961609, 166.6241500377655, 322.1314272880554, 566.6748585700989, 732.3503127098083, 870.163539648056, 1004.7155013084412]
nauc_scores: [0.16494429581252956, 0.3689974513755605, 0.45325769686422746, 0.5200192952436693, 0.5233441890945467, 0.5452863396045344, 0.5301587065357507, 0.5338590981311213, 0.5074011652719805, 0.47976363468165584, 0.4607410829393759, 0.46975963268518695]
alc_mean: 0.433293689085067
alc_var: 0.00017390163843149093
alc_std: 0.013187177045580716
nauc_std: 0.020091863956706216
nauc_var: 0.0004036829972547904
nauc_mean: 0.46743269462079484
