score: 0.2200767296118822
Duration: 158.58360171318054
timestamps: [47.24796986579895, 56.787657737731934, 67.15286898612976, 79.08686566352844, 94.0389952659607, 115.55367827415466, 150.7457320690155, 158.58360171318054]
nauc_scores: [0.0327996877410639, 0.04981929643766514, 0.15674757120423188, 0.18789232244338328, 0.16267554109124016, 0.299838985299099, 0.30896851449440277, 0.30965221423956324]
accuracy: [0.486660303765414, 0.5066734434044337, 0.3157314738416387, 0.4563582573368377, 0.5260728357796102, 0.537247136478336, 0.5283232175820558, 0.5282779875373498]
alc_std: 0.007031554384488601
alc_var: 4.944275706202087e-05
nauc_std: 0.008293897271530338
alc_mean: 0.22137182102676284
nauc_var: 6.87887319506984e-05
nauc_mean: 0.31281688491199666
