score: 0.1675738327188714
Duration: 736.963894367218
timestamps: [35.30406475067139, 36.657954454422, 40.317383766174316, 45.932459354400635, 80.7688946723938, 90.67661356925964, 102.20745897293091, 116.0410361289978, 131.84528970718384, 149.49630904197693, 168.57743310928345, 296.038125038147, 320.23687529563904, 346.1851146221161, 373.15808272361755, 428.2138111591339, 736.963894367218]
nauc_scores: [0.14239363015054707, 0.23607315590988698, 0.30550024094295547, 0.30788784915131084, 0.28891652247259314, 0.24536428677332522, 0.2102650263303405, 0.228614805368355, 0.1866799624974882, 0.14021949808210366, 0.0993278399146933, 0.1888259383215698, 0.2409246084153669, 0.18889951996128773, 0.18235328117722216, 0.18986747481988675, 0.20219060119237153]
accuracy: [0.3411822969723117, 0.42567078900919864, 0.4625229152081639, 0.4498670509215547, 0.45330314106838077, 0.5209591829425788, 0.41097058383250396, 0.48996937044581695, 0.46759921799992404, 0.49154874149554234, 0.45635568035732965, 0.5285653570586213, 0.4994809833929397, 0.5058902334807763, 0.5337772183298777, 0.5521005228387648, 0.5535646569462717]
alc_mean: 0.1754901194260802
nauc_var: 0.000557315184521399
nauc_std: 0.023607523896448754
alc_std: 0.016663257811657096
nauc_mean: 0.19473396130757686
alc_var: 0.0002776641608977513
