score: -0.006267639506418043
Duration: 261.37018156051636
timestamps: [82.38890671730042, 97.03970646858215, 110.8211362361908, 125.90096139907837, 140.71844744682312, 155.52314734458923, 172.38290333747864, 191.37412118911743, 215.39446425437927, 248.1133930683136, 261.37018156051636]
nauc_scores: [-1.6007811811658001e-06, -7.939623311470356e-06, 0.0016533437998840217, -0.002462139589423429, 0.010546833401180011, 0.00848857610695486, 0.00705236210515614, 0.00418612933488971, -0.0007782698912418562, -0.015877619137063648, -0.015078911839653597]
accuracy: [0.04812686258433881, 0.048126862373360155, 0.04534272774760588, 0.045896579638509134, 0.03794812985757906, 0.09352102831141884, 0.08627939978444998, 0.08757480789695092, 0.09649820292448538, 0.07993558496138173, 0.07999819800655314]
nauc_mean: -0.016707032432388236
alc_std: 0.0023086749882832904
alc_var: 5.329980201524851e-06
nauc_var: 2.0672937534134976e-05
nauc_std: 0.004546750216818049
alc_mean: -0.006797025257251783
