score: 0.14588273927906936
Duration: 283.44745111465454
timestamps: [21.880691528320312, 36.28444766998291, 51.303147077560425, 67.8770809173584, 87.39622211456299, 111.62600898742676, 144.4862687587738, 195.56895089149475, 283.44745111465454]
nauc_scores: [-0.16540824317845781, -0.16484654261564835, -0.1631521852275395, -0.10722058083240427, 0.051144277437602303, 0.31662686127293194, 0.31754384793606727, 0.28792421473247587, 0.24123502647278072]
accuracy: [0.15306099294805414, 0.16549327234505995, 0.18298798824059745, 0.17399857534449875, 0.16200953143599814, 0.1589491851868285, 0.15857395011183026, 0.15992864542189247, 0.1627947072031131]
alc_std: 0.014987473752338486
alc_var: 0.00022462436947703508
nauc_std: 0.07729720555937059
nauc_var: 0.00597485798728759
nauc_mean: 0.2563475453168844
alc_mean: 0.16840747019943533
