score: 0.46010090026366085
Duration: 94.18763828277588
timestamps: [13.483805179595947, 17.0953688621521, 21.031026601791382, 25.40644073486328, 30.54843521118164, 37.59725785255432, 47.586177110672, 63.818196058273315, 91.62274241447449, 94.18763828277588]
nauc_scores: [-0.15231201768376956, -0.1252901865272562, -0.0643864452474634, 0.06685375492011891, 0.26390537375945144, 0.36302457498229024, 0.4692842172340661, 0.4768482582552447, 0.5648755177490674, 0.5648755177490674]
accuracy: [0.5165832852291444, 0.43922292307578903, 0.4586699833255049, 0.4411019100736044, 0.4464663943580881, 0.5118591694057745, 0.536140308794233, 0.5794449379768657, 0.5353328215722594, 0.5353328215722594]
alc_mean: 0.4641566248081267
nauc_mean: 0.5659129700023007
alc_std: 0.01431479135379521
alc_var: 0.00020491325150269013
nauc_var: 0.00032808258141044046
nauc_std: 0.018113050030584037
