score: 0.1066189166819433
Duration: 84.74275183677673
timestamps: [25.675333976745605, 33.12642526626587, 42.69136023521423, 57.05716919898987, 80.4237334728241, 84.74275183677673]
nauc_scores: [0.013590162991814259, 0.0379561850312824, 0.07043049040215865, 0.10768492372226479, 0.13362524286738053, 0.13257985966926644]
alc_std: 0.005392709262052691
nauc_std: 0.01176306724813859
alc_var: 2.9081313185028883e-05
nauc_mean: 0.1353101170052607
nauc_var: 0.00013836975108423078
alc_mean: 0.09421089393201433
