score: -0.01767901711733763
Duration: 824.9498207569122
timestamps: [25.7502658367157, 43.85164165496826, 62.58323001861572, 82.23360133171082, 105.21483063697815, 133.81027460098267, 172.96303796768188, 232.9126856327057, 331.8020176887512, 506.208473443985, 824.9498207569122]
nauc_scores: [-0.027322488096363506, -0.026143915142428087, -0.02882925314269924, -0.02811840927264342, -0.030491370151098596, -0.02158786425041359, -0.024635062515783623, -0.025801488453672028, -0.015655674678307197, -0.017521656676869224, -0.000517507627945224]
accuracy: [0.010588419973876025, 0.010534274543653467, 0.01042829394873898, 0.010247407344840448, 0.00999942975106154, 0.00986966746576498, 0.009868713122013812, 0.01003324323503937, 0.009927903383578402, 0.010099241270539874, 0.010162161683698703]
nauc_mean: -0.0008981811924133831
alc_var: 0.000296665315151633
alc_mean: -0.018768129026620516
nauc_std: 0.017292071285937762
nauc_var: 0.0002990157293579533
alc_std: 0.01722397501018952
