score: 0.3729622068261954
Duration: 291.90497040748596
timestamps: [270.99845814704895, 280.3809142112732, 282.96040534973145, 285.19708609580994, 287.4612994194031, 289.6394681930542, 291.90497040748596]
nauc_scores: [0.7878174630595622, 0.7878174630595622, 0.8189773101782638, 0.8376959285422598, 0.8420639834739689, 0.8513968995543455, 0.8513968995543455]
accuracy: [0.7248266676950339, 0.7248266676950339, 0.6712516325284519, 0.7515607111400631, 0.6911296100300018, 0.7919129448447907, 0.7919129448447907]
nauc_var: 1.914192175247833e-06
nauc_std: 0.0013835433405744227
alc_std: 0.0011965247326622163
alc_var: 1.4316714358723883e-06
nauc_mean: 0.8517910477536951
alc_mean: 0.37361770688996465
