score: 0.8452135573378863
Duration: 494.662469625473
timestamps: [15.757028102874756, 19.158587217330933, 27.42628312110901, 37.72732138633728, 49.636900663375854, 63.1574285030365, 78.31614875793457, 96.67546963691711, 116.66696310043335, 138.40981006622314, 162.34593749046326, 187.69645190238953, 214.72861576080322, 447.59364128112793, 494.662469625473]
nauc_scores: [0.6059582675256412, 0.6951042912297964, 0.7827884677458412, 0.7468261684637931, 0.8300115695858983, 0.8491941677345587, 0.876203677807947, 0.8852354251666121, 0.9163125527586418, 0.9404693676238072, 0.9512937378966988, 0.9618522074139835, 0.9663063582514035, 0.97320942943552, 0.9732949541427867]
accuracy: [0.629417466300415, 0.6021891277038173, 0.6449128076878419, 0.6062199662818497, 0.7080440040898286, 0.6276698515914124, 0.6971048524062422, 0.6680498040514689, 0.7390267619052311, 0.794508076259521, 0.821361681777558, 0.8442273434371648, 0.8599850761490656, 0.8845046152437863, 0.8819676936052406]
alc_var: 1.1486085925581745e-06
nauc_mean: 0.9732789021360315
alc_mean: 0.8454970869745413
nauc_std: 0.0011083987843511383
nauc_var: 1.228547865151081e-06
alc_std: 0.0010717315860597626
