score: 0.08322765722087787
Duration: 25.764973163604736
timestamps: [19.526490688323975, 25.764973163604736]
nauc_scores: [0.0024101136797560763, 0.09422489973855042]
accuracy: [0.10027873755457034, 0.10135933314427828]
nauc_mean: 0.0849729545504307
nauc_std: 0.016797041139635073
nauc_var: 0.0002821405910465931
alc_std: 0.019510751977455585
alc_var: 0.00038066944272578706
alc_mean: 0.09912359403890654
