score: 0.8207956143395085
Duration: 76.59153413772583
timestamps: [40.34247946739197, 48.159475564956665, 51.28552055358887, 54.36484122276306, 57.50846815109253, 60.691558599472046, 63.96533155441284, 67.09118485450745, 70.2719783782959, 73.41306328773499, 76.59153413772583]
nauc_scores: [0.7193574333333335, 0.9810956111111113, 0.9902014333333333, 0.9928014444444444, 0.993852911111111, 0.9945354666666666, 0.9955770111111111, 0.9954761888888886, 0.9958797222222224, 0.9961423222222223, 0.9961423222222223]
accuracy: [0.3874502989559746, 0.8077520211669657, 0.8624794436628934, 0.8875350971333679, 0.8997450749211794, 0.915485726244041, 0.9209324079828172, 0.9202855687887759, 0.9246441986644384, 0.9310449849588409, 0.9310449849588409]
nauc_mean: 0.9960711077126512
alc_mean: 0.8207944095839302
nauc_std: 0.0002926832120496604
alc_var: 1.2462422752894181e-07
nauc_var: 8.566346261570649e-08
alc_std: 0.0003530215680789799
