score: 0.8169388459152191
Duration: 235.90156197547913
timestamps: [13.91113805770874, 18.48855423927307, 29.76388144493103, 40.072532176971436, 53.38397979736328, 69.00149846076965, 86.65366792678833, 106.3752510547638, 128.30711197853088, 151.8092622756958, 179.04310083389282, 206.73205852508545, 235.90156197547913]
nauc_scores: [0.08712418615483397, 0.17974774151109396, 0.5115959606457727, 0.6674002247806663, 0.797869770010343, 0.8636756785949153, 0.9195344616819268, 0.9464402799460376, 0.9697385344265548, 0.9738274120039192, 0.9788792043727033, 0.9858918402741335, 0.9873207448944641]
accuracy: [0.0042546950009054495, 0.005273272901255641, 0.008997944590501692, 0.011535632739387772, 0.017478451259556764, 0.0313395067776775, 0.05404829856310185, 0.07501368691145377, 0.1077083663268449, 0.12969201124186017, 0.17269808003407155, 0.2242851084721256, 0.2770216980614452]
alc_mean: 0.8166358494480003
nauc_var: 4.3901851589256423e-08
nauc_mean: 0.9873091512004499
alc_var: 2.064318752474672e-07
alc_std: 0.0004543477470478611
nauc_std: 0.0002095276869276622
