score: 0.03632215269643316
Duration: 77.5771176815033
timestamps: [27.58625555038452, 31.961869716644287, 36.75062918663025, 42.20825505256653, 49.23804259300232, 58.98587393760681, 75.21679472923279, 77.5771176815033]
nauc_scores: [0.1927031993046584, -0.05109085496266741, 0.08838895130704816, 0.019186125924867792, 0.07304270017372572, 0.06376251375824205, 0.09922613194473673, 0.036818896494056785]
accuracy: [0.2507199197248834, 0.2507771789017703, 0.25134875555380465, 0.25265085966675643, 0.25840906192417396, 0.290269535955695, 0.30825991412259807, 0.30845328205754086]
nauc_var: 0.005264687729436555
nauc_std: 0.07255816790297667
alc_std: 0.03393823199536586
alc_var: 0.0011518035909712748
nauc_mean: 0.0313043811275726
alc_mean: 0.011186321901985753
