score: 0.1728247584361423
Duration: 316.5550937652588
timestamps: [37.45246887207031, 38.910696506500244, 42.59440875053406, 48.35135555267334, 82.63919806480408, 92.7555661201477, 103.63332200050354, 117.538494348526, 132.64056539535522, 150.82513284683228, 170.9604527950287, 288.6442484855652, 311.3594722747803, 316.5550937652588]
nauc_scores: [0.06685091340302463, 0.18991067286924745, 0.2706296719857251, 0.3231063701163883, 0.3314618083355483, 0.3165794495915226, 0.24078739936044102, 0.19129878318098426, 0.16722006514944576, 0.18715987159148062, 0.1848895406599489, 0.206555814654672, 0.17028621474436045, 0.17484550399275878]
accuracy: [0.41416847974637805, 0.46796222848960134, 0.3705567536295299, 0.43579211634486303, 0.45285485506619194, 0.4592496908766201, 0.39355915564763333, 0.4953954757438066, 0.469829006546362, 0.5144870701416102, 0.5109548257299764, 0.5168704384078839, 0.5148718001237983, 0.5059055380227613]
alc_std: 0.01744666045354835
alc_var: 0.000304385960981408
alc_mean: 0.16754359762719767
nauc_var: 0.0008111399686963734
nauc_std: 0.028480519108618322
nauc_mean: 0.18096888620448864
