score: 0.7550224235581157
Duration: 65.08632445335388
timestamps: [0.7723846435546875, 1.0730431079864502, 3.0517778396606445, 3.5641283988952637, 4.148354530334473, 4.742643356323242, 5.334023714065552, 6.007921457290649, 6.632620096206665, 7.356266498565674, 8.062824964523315, 8.865095376968384, 9.539008378982544, 10.335343360900879, 11.085255146026611, 11.92829442024231, 12.777106761932373, 13.617019891738892, 14.59424376487732, 15.513944625854492, 16.421411752700806, 17.501766204833984, 18.536924362182617, 19.576628923416138, 20.68684983253479, 21.777822971343994, 23.055569171905518, 31.507587671279907, 39.082823038101196, 46.93564414978027, 55.20900797843933, 65.08632445335388]
nauc_scores: [0.6256295950586923, 0.6485816845060952, 0.7106413295505345, 0.7265111568433988, 0.7348213342302696, 0.7393021153561696, 0.7421774341226388, 0.7450588231204811, 0.7468667538635447, 0.7479470606879584, 0.7492646164021919, 0.7500946163929758, 0.7510690198556258, 0.7512349486790069, 0.7514239998032581, 0.7515515680579974, 0.7518742992696186, 0.7520560991493455, 0.7521678412723773, 0.7523160332996877, 0.7525666652808936, 0.7526317899310537, 0.7527438105640041, 0.7527782616437388, 0.7529582443578249, 0.7529380057528632, 0.7530151610920812, 0.7571955056999056, 0.7591844437977937, 0.7604322131284489, 0.7609016524188261, 0.7612816384119983]
alc_mean: 0.7507928421528403
alc_var: 3.085035866526604e-05
nauc_var: 2.9265228986167472e-05
nauc_mean: 0.7605277325961362
nauc_std: 0.005409734650254804
alc_std: 0.00555430991800656
