score: -0.04418563600140877
Duration: 98.0427131652832
timestamps: [57.85016703605652, 90.63642072677612, 98.0427131652832]
nauc_scores: [-0.028272793302938304, 0.06507578220381416, -0.06296134175825596]
accuracy: [0.12359395903348679, 0.1258704789284839, 0.12168299723617629]
nauc_mean: -0.050552111176552686
nauc_std: 0.03937449318017967
alc_std: 0.014473601749315912
nauc_var: 0.0015503507131960155
alc_mean: -0.0641617130039051
alc_var: 0.00020948514759780066
