score: 0.16384287240745965
Duration: 1008.8513875007629
timestamps: [245.82348442077637, 294.20604944229126, 350.4593780040741, 501.7841112613678, 1008.8513875007629]
nauc_scores: [0.0003655385252787635, 0.2660209443058803, 0.3977876538701506, 0.42054546997128295, 0.3902850273815195]
accuracy: [0.03228721879847567, 0.04757630706327916, 0.06842669915079659, 0.07155872499520277, 0.06759257976534826]
nauc_std: 0.0007052051564158504
nauc_mean: 0.39045001839579774
nauc_var: 4.973143126355041e-07
alc_mean: 0.16380353214297885
alc_std: 0.00041387089992044886
alc_var: 1.712891218009622e-07
