score: 0.8440338040661917
Duration: 1014.1970930099487
timestamps: [7.341136932373047, 12.203445672988892, 19.74739956855774, 29.828020095825195, 41.41932153701782, 55.58604145050049, 71.54197597503662, 89.52582836151123, 108.682049036026, 130.81736183166504, 156.81373071670532, 183.02959847450256, 281.0188465118408, 324.19356536865234, 356.8339247703552, 391.66044664382935, 428.9150457382202, 468.30661940574646, 650.1016616821289, 800.727840423584, 845.2643001079559, 940.2212598323822, 1014.1970930099487]
nauc_scores: [0.34625228165038835, 0.6028989388286419, 0.7819254987387076, 0.7939024286861871, 0.8192898255575454, 0.8519770709166208, 0.870467283946694, 0.8799685304162055, 0.8939186008512692, 0.9001897024036389, 0.8967051102068506, 0.8980999819161106, 0.9155888837151684, 0.9301249278051147, 0.9299630507475041, 0.9328284764219881, 0.940760974073326, 0.9419989659933412, 0.9460708275085197, 0.9501495618879432, 0.9503146520305987, 0.9515598048252267, 0.9518520346226098]
accuracy: [0.00861536228448073, 0.01531887675428857, 0.033681099177897265, 0.04651182024730971, 0.06436534580362828, 0.09981721894396035, 0.13405165402811142, 0.1467761279019395, 0.1651964430888412, 0.19357977484567737, 0.1888271271925273, 0.20002241767400766, 0.252682843837699, 0.29496469498671607, 0.3027313612414059, 0.3110257140949631, 0.3456387346678178, 0.354885153384924, 0.3821727080738994, 0.38775573317537115, 0.3978572267456098, 0.4014563922338398, 0.4004657126186387]
nauc_std: 0.0012516660261105502
alc_mean: 0.8441952488406608
nauc_mean: 0.9517272061499635
alc_std: 0.0005975871015189798
alc_var: 3.5711034390185543e-07
nauc_var: 1.5666678409193763e-06
