score: 0.9838216903908013
Duration: 18.8743097782135
timestamps: [2.319333553314209, 4.102164268493652, 8.059718608856201, 14.036645412445068, 18.8743097782135]
nauc_scores: [0.8743921727058592, 0.9086237320722756, 0.9964381970060778, 0.9992124131506752, 0.99929218814007]
accuracy: [0.6431984659023448, 0.6313354486489102, 0.8964287770595684, 0.9428485417616783, 0.9530091164699718]
alc_var: 1.6275159904447136e-08
alc_mean: 0.9838169682832361
nauc_var: 1.3423855806780125e-08
alc_std: 0.0001275741349351315
nauc_std: 0.00011586136459916276
nauc_mean: 0.9992415346843707
