score: 0.016126214963201584
Duration: 246.4725842475891
timestamps: [74.77727484703064, 101.55255770683289, 151.36096167564392, 226.13632702827454, 246.4725842475891]
nauc_scores: [0.048927895748012595, -0.007477561929239984, -0.050797322512628806, 0.015481002512619968, 0.04000999640305003]
accuracy: [0.1684026467282723, 0.17169227157911246, 0.12987965061883894, 0.09166865014184057, 0.06310387248665801]
alc_var: 2.205741316807896e-06
alc_std: 0.0014851738338685799
alc_mean: 0.015993007533249497
nauc_std: 0.003180251482445141
nauc_var: 1.0113999491594516e-05
nauc_mean: 0.03982947553608529
