score: 0.840465084536222
Duration: 148.12108635902405
timestamps: [30.771207094192505, 37.4319326877594, 48.25882267951965, 61.55013561248779, 76.64644885063171, 93.87066507339478, 113.17041611671448, 148.12108635902405]
nauc_scores: [0.5740808130963873, 0.8311825538898929, 0.9488441273327304, 0.9714527947411087, 0.9731558700788809, 0.9858105461448163, 0.9876320624940598, 0.9959137809015486]
accuracy: [0.6861997398246745, 0.7615639153153859, 0.8601284470700837, 0.8911727748176017, 0.9055273280234866, 0.9316547906252172, 0.932903407778464, 0.9590502831854111]
alc_mean: 0.8404347953216005
nauc_std: 0.00011602697801958012
alc_std: 6.171355757712867e-05
alc_var: 3.808563188825576e-09
nauc_mean: 0.9959305650100492
nauc_var: 1.3462259628356129e-08
