score: 0.6673476843326202
Duration: 779.0803718566895
timestamps: [40.19158625602722, 75.64753031730652, 111.2670578956604, 148.43580436706543, 187.5458903312683, 227.6049268245697, 269.2051033973694, 315.4330577850342, 373.4732015132904, 450.67780566215515, 573.7870798110962, 779.0803718566895]
nauc_scores: [0.6678035645538616, 0.6941405662851947, 0.7190514682990221, 0.7441740147509506, 0.7814665469196433, 0.8143113897608387, 0.8316731954494099, 0.8474648038486394, 0.8628805832783626, 0.8741104873813936, 0.8834090658269671, 0.8902881638268951]
accuracy: [0.6798291534153182, 0.6996634922773461, 0.7322352425514282, 0.761953574625618, 0.7860410624221095, 0.7981921211473972, 0.8104783952623605, 0.8295174713642816, 0.8436479965259729, 0.8508728778209622, 0.8469962654481554, 0.8621695581440877]
alc_std: 0.0007736160341824623
nauc_std: 0.0012834418308487888
alc_mean: 0.666779300571046
nauc_mean: 0.8894857456167748
alc_var: 5.984817683442006e-07
nauc_var: 1.647222933172491e-06
