score: 0.15345412058804847
Duration: 1001.96861577034
timestamps: [139.21301770210266, 219.33470177650452, 346.3625843524933, 395.0172770023346, 529.2818486690521, 1001.96861577034]
nauc_scores: [0.0002681380752047602, 0.19055779900521697, 0.20143721727691566, 0.3573385614372788, 0.3774971344314739, 0.3401569061384053]
accuracy: [0.032390234167829, 0.04524232124856393, 0.04816566811337483, 0.0565895767163109, 0.060145936541226186, 0.0600201332627527]
nauc_var: 3.3139233513757144e-07
nauc_std: 0.0005756668612466514
alc_std: 0.00040351172866982723
nauc_mean: 0.3401838914261649
alc_var: 1.6282171517411228e-07
alc_mean: 0.1531398219564332
