score: 0.7524997536762752
Duration: 307.7800803184509
timestamps: [44.07811999320984, 48.96771597862244, 53.20270347595215, 78.49662160873413, 80.36034369468689, 82.30389714241028, 85.24987864494324, 116.31441450119019, 118.60790681838989, 120.98597955703735, 124.14205956459045, 127.39875268936157, 130.68755722045898, 133.93239068984985, 137.04470491409302, 141.65942692756653, 144.38810062408447, 147.19871520996094, 150.88026523590088, 154.53083539009094, 158.1470911502838, 225.23963522911072, 228.88798213005066, 232.3861837387085, 237.7830331325531, 243.07352924346924, 249.85521697998047, 253.7884292602539, 257.49511337280273, 263.09467029571533, 268.80101585388184, 273.5385060310364, 276.3074185848236, 278.93464517593384, 282.8336269855499, 286.4682216644287, 291.5288574695587, 294.71339678764343, 297.66455268859863, 301.776531457901, 305.88093972206116, 307.7800803184509]
nauc_scores: [-0.0024118968672932617, 0.8059555254749566, 0.8119175108912657, 0.8119175108912657, 0.8119175108912657, 0.8119175108912657, 0.8119175108912657, 0.8119175108912657, 0.9454503025040357, 0.9504331879457015, 0.9504331879457015, 0.9504378785133223, 0.9504378785133223, 0.9504378785133223, 0.9504378785133223, 0.9504378785133223, 0.9504378785133223, 0.9512605901148585, 0.9512605901148585, 0.9512605901148585, 0.9512605901148585, 0.957323093563583, 0.9652600430781626, 0.9652600430781626, 0.9652600430781626, 0.9652600430781626, 0.9687916139414066, 0.967630743805334, 0.967630743805334, 0.967630743805334, 0.967630743805334, 0.972005595610842, 0.972005595610842, 0.972005595610842, 0.972005595610842, 0.972005595610842, 0.9729123779907278, 0.9729123779907278, 0.9729123779907278, 0.9729123779907278, 0.9729123779907278, 0.9736151564342623]
accuracy: [0.0666829066931532, 0.27609079551186416, 0.27491680738414986, 0.27491680738414986, 0.27491680738414986, 0.27491680738414986, 0.27491680738414986, 0.27491680738414986, 0.7539129543418112, 0.7564439832601032, 0.7564439832601032, 0.7442130757887272, 0.7442130757887272, 0.7442130757887272, 0.7442130757887272, 0.7442130757887272, 0.7442130757887272, 0.7538603882618005, 0.7538603882618005, 0.7538603882618005, 0.7538603882618005, 0.7490367327353347, 0.8097273740137866, 0.8097273740137866, 0.8097273740137866, 0.8097273740137866, 0.7692669493387879, 0.8093417905903343, 0.8093417905903343, 0.8093417905903343, 0.8093417905903343, 0.7792856586051475, 0.7792856586051475, 0.7792856586051475, 0.7792856586051475, 0.7792856586051475, 0.7845029827866711, 0.7845029827866711, 0.7845029827866711, 0.7845029827866711, 0.7845029827866711, 0.7884668399151411]
alc_var: 3.16305992583585e-07
alc_std: 0.0005624108752358769
nauc_std: 0.00045920142973643135
alc_mean: 0.7521489606944334
nauc_mean: 0.9736731290205052
nauc_var: 2.108659530719827e-07
