score: 0.8370597784064007
Duration: 45.05826807022095
timestamps: [17.48539400100708, 22.700194358825684, 26.117812395095825, 29.248143911361694, 32.438377141952515, 35.571101903915405, 38.72074890136719, 41.86270809173584, 45.05826807022095]
nauc_scores: [0.8263741153533455, 0.8263741153533455, 0.8331545461034313, 0.8822825255785767, 0.9046119711635121, 0.9120158526178033, 0.9163032625748719, 0.9191946534027848, 0.9191946534027848]
accuracy: [0.7504033029244909, 0.7504033029244909, 0.7243401000910962, 0.7932312668310874, 0.8176698663723089, 0.8327889320433101, 0.8459997154924381, 0.8447329642320104, 0.8447329642320104]
alc_var: 7.861432105615793e-06
alc_std: 0.0028038245497205763
nauc_std: 0.003998032367170056
alc_mean: 0.8412349707883475
nauc_mean: 0.9207223997507692
nauc_var: 1.5984262808939404e-05
