score: 0.6170689451804153
Duration: 126.50623917579651
timestamps: [73.09220218658447, 74.88039541244507, 82.78972506523132, 119.5650851726532, 124.4472177028656, 126.50623917579651]
nauc_scores: [0.5973200866247552, 0.7883865431728829, 0.7920992804106688, 0.7939580865906508, 0.8505458180861196, 0.844597250067038]
accuracy: [0.1347022952354456, 0.3404619682548223, 0.5070493637853368, 0.517464419313715, 0.6231666523644444, 0.6183025823392952]
alc_var: 3.844106299432476e-05
alc_mean: 0.6182132247462604
nauc_mean: 0.8416265884719127
alc_std: 0.006200085724756131
nauc_std: 0.00991195980201488
nauc_var: 9.824694711675886e-05
