score: 0.8883713300997587
Duration: 105.65009188652039
timestamps: [15.129584550857544, 27.811702013015747, 48.53781223297119, 52.978500843048096, 57.59470844268799, 61.904566526412964, 66.25993776321411, 70.62051105499268, 75.03460955619812, 79.47519445419312, 83.80060601234436, 88.09266257286072, 92.6063060760498, 96.9308934211731, 101.21399021148682, 105.65009188652039]
nauc_scores: [0.9112191874588844, 0.912219844975094, 0.9112191874588844, 0.9582683425416307, 0.9624138021326218, 0.9653545037865987, 0.9662508812661028, 0.9668230572878538, 0.9666562585747913, 0.9663010200425117, 0.9670271289277801, 0.9671401380707767, 0.9671746188067816, 0.9666128683669215, 0.967605420198637, 0.967605420198637]
accuracy: [0.6882366619768033, 0.6447575570503323, 0.6882366619768033, 0.8430439918507836, 0.8528609136823397, 0.8513383768713556, 0.8600490825300207, 0.8688324384467433, 0.8660523428632131, 0.8661947588510661, 0.863912509036363, 0.8709170956055591, 0.8649241236205847, 0.8711831783651169, 0.8744129391439172, 0.8744129391439172]
alc_mean: 0.8879883629370173
nauc_std: 0.0008922078077322025
nauc_var: 7.960347721783028e-07
alc_std: 0.0008458032371300255
alc_var: 7.153831159396302e-07
nauc_mean: 0.9673312987515061
