score: 0.1136634155829268
Duration: 186.03029584884644
timestamps: [102.30936360359192, 159.60498571395874, 186.03029584884644]
nauc_scores: [0.04486808878256254, 0.19104558251083126, 0.19026341366876953]
accuracy: [0.09554973821555067, 0.17449238815362833, 0.1739693849215722]
alc_mean: 0.10784104791629608
nauc_mean: 0.1844746454604319
nauc_var: 0.00019510236681662385
nauc_std: 0.013967904882859986
alc_var: 3.6720285851446165e-05
alc_std: 0.006059726549230268
