score: 0.2554984436246621
Duration: 621.1373317241669
timestamps: [38.06045746803284, 39.21862554550171, 42.76082682609558, 48.11344909667969, 82.08491921424866, 89.66957116127014, 99.42772626876831, 114.96878576278687, 128.30986166000366, 144.7405707836151, 162.74402785301208, 184.0087387561798, 229.12917852401733, 237.68802857398987, 243.98703145980835, 250.56113696098328, 258.6790771484375, 269.2367308139801, 281.3626003265381, 301.8768618106842, 318.0811586380005, 339.4039237499237, 360.8000693321228, 382.6559889316559, 408.9862358570099, 436.56852984428406, 462.6105899810791, 503.7995855808258, 548.215482711792, 579.110348701477, 621.1373317241669]
nauc_scores: [0.12655405728691416, 0.18795815210570588, 0.3163551090211325, 0.36294127301078327, 0.33295109207481266, 0.2544763294547212, 0.241389380654345, 0.226206103413092, 0.3305116088850004, 0.30843067075944175, 0.28135559202758387, 0.27572651807514603, 0.29695041121835364, 0.3331719144360237, 0.3624955951431672, 0.33925135624541336, 0.3463900607177608, 0.3415260392212145, 0.30021558167872087, 0.299574076174961, 0.30233219218747354, 0.307288119144683, 0.29652715924038486, 0.29215731039640724, 0.30949946313789645, 0.3091933755234104, 0.30256345935511164, 0.3020731964637906, 0.3124738387212571, 0.30970863569347595, 0.30970863569347595]
accuracy: [0.3566139340074274, 0.4208048765617835, 0.44001139371630815, 0.4133846434245158, 0.5026787790959326, 0.5113969799802772, 0.4481509287383351, 0.4116441588457514, 0.4721668234261281, 0.46145430866012804, 0.46586361434905543, 0.4795373484818157, 0.48017485543033167, 0.4772536956742211, 0.4715550661772309, 0.47094227058676363, 0.47269404926157205, 0.47332177551773597, 0.47917884607513334, 0.48665928066173864, 0.48935047929886205, 0.48829839484183096, 0.48757342850936214, 0.49356255337898125, 0.49744374340127806, 0.5120287159648242, 0.514737401651147, 0.5155388670769641, 0.5171090668243564, 0.5142943680153623, 0.5142943680153623]
alc_mean: 0.24652140721487573
alc_var: 0.0003134926263677334
alc_std: 0.01770572298348004
nauc_var: 0.000806033148948872
nauc_mean: 0.31155597211310115
nauc_std: 0.028390722938116106
