score: 0.6962193532896241
Duration: 67.49956512451172
timestamps: [1.8580572605133057, 2.8958725929260254, 3.6635196208953857, 5.80466365814209, 8.314162969589233, 12.457657814025879, 18.00721836090088, 23.837688207626343, 30.397915840148926, 67.49956512451172]
nauc_scores: [0.0, 0.007907404818377373, 0.12708178961390204, 0.01837118135854454, 0.038718013789319716, 0.2468921181767325, 0.5611810744879389, 0.8381892628224596, -0.0070684524809377924, 0.8700192218761993]
accuracy: [0.5750108084738428, 0.5731356991889228, 0.5739385745247693, 0.5336970541192473, 0.547468372511278, 0.4305448742772796, 0.5445680006170223, 0.801493633258324, 0.3715704176669358, 0.7919753290959959]
nauc_mean: 0.8670693213039016
alc_std: 0.004362568737045599
nauc_std: 0.0032722054049565004
alc_mean: 0.6932374116611308
nauc_var: 1.0707328212226536e-05
alc_var: 1.9032005985447635e-05
