score: 0.28287474067901236
Duration: 190.07213854789734
timestamps: [45.5015664100647, 54.823962926864624, 64.34258246421814, 74.0220627784729, 84.31928086280823, 95.66196203231812, 108.72677040100098, 125.1873128414154, 147.45840764045715, 182.22400760650635, 190.07213854789734]
nauc_scores: [0.005430197217746624, -0.0033979628440391485, -0.01273205877397543, -0.016387573397401822, -0.00918482071454152, -0.0047144730829945525, 0.008912820937231114, 0.10369360686973561, 0.2609063510522791, 0.491959676035278, 0.491959676035278]
accuracy: [0.010076666256684136, 0.010000908759940535, 0.010010361686772155, 0.010241960337402729, 0.01065859736887135, 0.01394941789990863, 0.013685988941723256, 0.014543504495209065, 0.021163140445300727, 0.036277712949753564, 0.036277712949753564]
nauc_mean: 0.49078710007035886
alc_std: 0.0036107276273937053
alc_var: 1.3037353999224176e-05
nauc_std: 0.005625770844667509
nauc_var: 3.164929759671098e-05
alc_mean: 0.2804049427759768
