score: 0.6335135073238802
Duration: 125.68313241004944
timestamps: [39.16441607475281, 63.39466881752014, 78.78732585906982, 94.32878851890564, 110.01576232910156, 125.68313241004944]
nauc_scores: [0.7587252174410593, 0.7587252174410593, 0.7587252174410593, 0.7587252174410593, 0.7587252174410593, 0.7587252174410593]
accuracy: [0.5073726298208712, 0.5073726298208712, 0.5073726298208712, 0.5073726298208712, 0.5073726298208712, 0.5073726298208712]
nauc_var: 0.0015228534106893996
nauc_std: 0.03902375444122976
alc_std: 0.05061665597698979
alc_var: 0.0025620458622929365
nauc_mean: 0.771193692942571
alc_mean: 0.638858730228794
