score: 0.2966105612599798
Duration: 797.0004897117615
timestamps: [23.931296348571777, 30.644906759262085, 39.89765763282776, 46.14120554924011, 62.12154674530029, 71.40118908882141, 84.34195494651794, 99.14723992347717, 115.06883764266968, 132.87663292884827, 273.6630308628082, 296.757479429245, 320.1482424736023, 363.2424244880676, 392.5619213581085, 797.0004897117615]
nauc_scores: [0.15809103265154834, 0.25603440366975394, 0.258339935896698, 0.3993145622378318, 0.40655364986257014, 0.38631845684823984, 0.2921897524465946, 0.28904795630064894, 0.25047613907402977, 0.3067138377414016, 0.29546715305971705, 0.3318216789525279, 0.3738790393015434, 0.35937541330138445, 0.3659729702517376, 0.3659729702517376]
accuracy: [0.4421604231534248, 0.3790778130556462, 0.4213382850422035, 0.4346321735689194, 0.4597609410232539, 0.4828440568388941, 0.3953039226927442, 0.49192148905454197, 0.4546949210290148, 0.5612306242056132, 0.49443755538628115, 0.5024883670276322, 0.5331525157520771, 0.5442266639674823, 0.5637639324543651, 0.5637639324543651]
alc_mean: 0.2998790400571785
alc_var: 0.00039651907729215457
nauc_mean: 0.3762877658397323
nauc_var: 0.00032146063803321293
alc_std: 0.019912786778654427
nauc_std: 0.017929323412589026
