score: 0.7884933354970237
Duration: 1174.225254535675
timestamps: [26.577939748764038, 29.236624717712402, 31.92750859260559, 59.920093059539795, 61.52331018447876, 62.93767428398132, 65.5423367023468, 94.01626229286194, 97.36836767196655, 100.71660089492798, 104.01550483703613, 107.60753846168518, 111.13503503799438, 114.40485143661499, 117.66098618507385, 127.9707236289978, 136.8161370754242, 145.29143118858337, 158.04878520965576, 170.86720085144043, 182.770037651062, 195.32591652870178, 207.9387595653534, 578.9988627433777, 601.8567321300507, 622.7293350696564, 643.8703858852386, 666.3977105617523, 737.885324716568, 807.4557585716248, 866.656142950058, 925.8307154178619, 984.4170000553131, 1055.127465248108, 1062.054579257965, 1069.4693098068237, 1077.1712515354156, 1085.0164909362793, 1092.999389410019, 1122.0938048362732, 1150.5540170669556, 1174.225254535675]
nauc_scores: [0.0019768018102577223, 0.8328022152954992, 0.8420696962625422, 0.8420696962625422, 0.8824640336986256, 0.8824640336986256, 0.8907268116419842, 0.8907268116419842, 0.8971733516823603, 0.901115434657003, 0.901115434657003, 0.9023432123242126, 0.9046208744228672, 0.9046208744228672, 0.9046208744228672, 0.9046208744228672, 0.9046208744228672, 0.9049965517537957, 0.9087437257540463, 0.9104372280835811, 0.9104372280835811, 0.9104372280835811, 0.9104372280835811, 0.9184806511880501, 0.9321126670752742, 0.9321126670752742, 0.9321126670752742, 0.9321126670752742, 0.9430097306779821, 0.9430097306779821, 0.9430097306779821, 0.9430097306779821, 0.9430097306779821, 0.9470004181781706, 0.9470004181781706, 0.9470004181781706, 0.9470004181781706, 0.9470004181781706, 0.9470004181781706, 0.9479598928736583, 0.9325616768844005, 0.9325616768844005]
accuracy: [0.09125058330042463, 0.3407692993333338, 0.3398434550618295, 0.3398434550618295, 0.6731582137596409, 0.6731582137596409, 0.7213627633739988, 0.7213627633739988, 0.7668936234541119, 0.7678803986840279, 0.7678803986840279, 0.7776769149858944, 0.7442496664979693, 0.7442496664979693, 0.7442496664979693, 0.7442496664979693, 0.7442496664979693, 0.7663989567903229, 0.759325137223218, 0.7545141593491653, 0.7545141593491653, 0.7545141593491653, 0.7545141593491653, 0.7493819135924087, 0.7693580024307234, 0.7693580024307234, 0.7693580024307234, 0.7693580024307234, 0.7560406080955437, 0.7560406080955437, 0.7560406080955437, 0.7560406080955437, 0.7560406080955437, 0.7680942913333751, 0.7680942913333751, 0.7680942913333751, 0.7680942913333751, 0.7680942913333751, 0.7680942913333751, 0.7688067262814571, 0.78995508810684, 0.78995508810684]
nauc_var: 3.2871469818523336e-06
alc_std: 0.0007814910350937763
alc_mean: 0.7885113324099423
alc_var: 6.10728237931942e-07
nauc_mean: 0.9321535256164329
nauc_std: 0.00181304908423692
