score: 0.0003242204979231237
Duration: 1118.386543750763
timestamps: [101.88509583473206, 206.73054432868958, 315.2797155380249, 419.7154848575592, 526.980724811554, 631.3186678886414, 741.6598296165466, 855.8591961860657, 972.6194496154785, 1118.386543750763]
nauc_scores: [-0.00023709377542746601, -0.00014685593749041992, -6.110492419963975e-05, 0.0011943579528748138, 0.001108818975534609, 0.0012052143762952827, 0.0012151252475018914, 0.0012250284186010596, 0.0012300737146069274, 0.0014706018935188858]
accuracy: [0.05931207991934088, 0.06229436263108965, 0.0693311220854727, 0.0796289096008657, 0.07980603990641365, 0.0763517725568273, 0.0744749654320792, 0.07481251566298534, 0.08034801880378865, 0.08147942875226918]
alc_var: 1.0197815898503566e-09
nauc_var: 1.7001498187921556e-08
nauc_mean: 0.0014801479968371556
nauc_std: 0.00013038979326589008
alc_mean: 0.00033733948505637536
alc_std: 3.1934019318750914e-05
