score: 0.4385204255464063
Duration: 689.6577346324921
timestamps: [12.101484060287476, 14.88486623764038, 23.49964165687561, 29.37713098526001, 37.86173486709595, 49.15490651130676, 60.66578221321106, 75.99645447731018, 93.01971626281738, 113.75071620941162, 154.6997354030609, 176.11416959762573, 200.09051871299744, 444.9037845134735, 689.6577346324921]
nauc_scores: [0.10090162841283701, 0.20721480477961052, 0.32063767319438785, 0.28403972743026973, 0.3699353653443527, 0.41150332551860647, 0.44411807341304477, 0.4018778440871369, 0.4573884387878129, 0.4315115074219138, 0.4974227034278831, 0.5021526902954336, 0.5272971653630798, 0.5354449542196875, 0.5243315903531862]
nauc_mean: 0.5167741436557844
nauc_std: 0.013941264291143758
alc_var: 8.201192578404097e-05
alc_std: 0.00905604360546265
alc_mean: 0.44412850368776285
nauc_var: 0.00019435885003552008
