score: 0.7992817651957298
Duration: 156.25595092773438
timestamps: [7.1021788120269775, 10.279372930526733, 13.167255163192749, 16.20589828491211, 19.21517562866211, 22.08392310142517, 82.35205960273743, 86.57393527030945, 90.7929413318634, 95.17299056053162, 99.50153279304504, 103.67908930778503, 107.44004249572754, 110.50831437110901, 113.76198196411133, 116.97001528739929, 120.27578639984131, 123.4919822216034, 126.82094931602478, 130.05734729766846, 133.12358570098877, 136.31032299995422, 139.6210172176361, 142.98321962356567, 146.27648401260376, 149.61147499084473, 152.92140769958496, 156.25595092773438]
nauc_scores: [0.7343530126582278, 0.8061132151898733, 0.7997209113924051, 0.802196253164557, 0.8089344810126582, 0.8147017721518988, 0.8345032911392403, 0.8458989367088607, 0.8476589367088607, 0.8434397974683543, 0.842487088607595, 0.8398379746835443, 0.8377911898734176, 0.837128911392405, 0.8370252151898734, 0.8370252151898734, 0.8370252151898734, 0.8370252151898734, 0.8370252151898734, 0.8370252151898734, 0.8370252151898734, 0.8370252151898734, 0.8370252151898734, 0.8370252151898734, 0.8370252151898734, 0.8370252151898734, 0.8370252151898734, 0.8370252151898734]
accuracy: [0.9756859036983672, 0.9778132754745009, 0.9795884579082512, 0.9803778891656035, 0.9815309453974496, 0.9818035716270288, 0.9814178478162643, 0.983006279828868, 0.9841419764701639, 0.9852780444526934, 0.985963051586699, 0.9865301099089944, 0.9869064299987004, 0.9871536681873858, 0.987180641481774, 0.987180641481774, 0.987180641481774, 0.987180641481774, 0.987180641481774, 0.987180641481774, 0.987180641481774, 0.987180641481774, 0.987180641481774, 0.987180641481774, 0.987180641481774, 0.987180641481774, 0.987180641481774, 0.987180641481774]
nauc_var: 0.0007506181641296322
alc_var: 0.0012723882487136763
nauc_std: 0.027397411631933995
alc_mean: 0.7954030919166752
nauc_mean: 0.8332088240410442
alc_std: 0.03567055156166885
