score: 0.7078436461369948
Duration: 236.3440136909485
timestamps: [54.28602719306946, 66.08603811264038, 80.90930080413818, 112.78355097770691, 142.17810130119324, 173.89522457122803, 204.76757264137268, 236.3440136909485]
nauc_scores: [0.000362745098039019, 0.8092371550245099, 0.9239406901552287, 0.9393423286356208, 0.9439337724673205, 0.9450656646241831, 0.9450854234068626, 0.9450854234068626]
accuracy: [0.055593040289203595, 0.3034052891792625, 0.5924279837031478, 0.6462525205123012, 0.6684251891406456, 0.6881008853237139, 0.6984775483291014, 0.6984775483291014]
nauc_mean: 0.944911218059541
alc_var: 1.0137050619286158e-07
nauc_var: 5.338566656072351e-07
nauc_std: 0.0007306549566021126
alc_std: 0.00031838735243860044
alc_mean: 0.7081699712097868
