score: 0.962455863389479
Duration: 419.4744324684143
timestamps: [1.3670339584350586, 3.189870834350586, 4.989914655685425, 6.820048809051514, 8.867860794067383, 10.960320472717285, 13.175752878189087, 15.353711366653442, 17.450867652893066, 19.764480590820312, 22.17076539993286, 24.522502183914185, 26.874317169189453, 29.27180290222168, 31.68963098526001, 33.99409890174866, 36.43018102645874, 38.8701548576355, 41.421027421951294, 44.14969253540039, 46.96702694892883, 49.568692684173584, 52.637444734573364, 55.36895275115967, 58.44709372520447, 61.30136227607727, 64.20860290527344, 67.11261653900146, 70.05955171585083, 73.24560332298279, 76.17641949653625, 79.26246666908264, 82.53086757659912, 85.52153730392456, 88.55121064186096, 91.74568843841553, 95.07122492790222, 98.63029670715332, 101.90128064155579, 105.27853322029114, 108.66474342346191, 112.04094696044922, 115.30203676223755, 416.76158928871155, 419.4744324684143]
nauc_scores: [0.6858340189059322, 0.8477830699160394, 0.8926144891508858, 0.9145488765890755, 0.927437390902007, 0.936956829275174, 0.9443353049789494, 0.9499524445755287, 0.9544386052526863, 0.9583376929981882, 0.9613458084187556, 0.9636765023710367, 0.9658503524709219, 0.9674223661746915, 0.9687357811178234, 0.9696516931413393, 0.9706827908069364, 0.9714649912971189, 0.9722347620127956, 0.9730679778802387, 0.9736413640549189, 0.974138842215216, 0.9745327331538385, 0.9749115463186595, 0.9753507383195725, 0.975659682852229, 0.9758822560390332, 0.9762933673317282, 0.976460161851356, 0.9765833611383083, 0.9769283324799072, 0.9769970248190176, 0.9772446076749257, 0.9772887730145754, 0.9773719208084117, 0.9774784091271858, 0.9775400700220427, 0.9776385106660652, 0.9777945294269101, 0.9778734367040613, 0.9779368039259215, 0.9780661932676775, 0.978175515520529, 0.978175515520529, 0.978175515520529]
accuracy: [0.0677741446848664, 0.1425287553459872, 0.2077032890425872, 0.2645579469809158, 0.3140232154666509, 0.35781835850548865, 0.39597635226654143, 0.42955374945245206, 0.45930179328450116, 0.48602853813752916, 0.5093696409731207, 0.5309459397710199, 0.5504817841482575, 0.5671717990185793, 0.5829108558609708, 0.5974672824315024, 0.6110015707175384, 0.6230659429514325, 0.6341564907681656, 0.6448225684099743, 0.6542858337112577, 0.6634961823053475, 0.6720855505760143, 0.6797299835873456, 0.6872848550339521, 0.6939777477887901, 0.700210716037138, 0.7060803825001132, 0.7115019773061776, 0.7167452749600247, 0.7218390710784145, 0.7264658105660295, 0.7315175841769539, 0.7357618896231238, 0.7397586513337114, 0.743241242611175, 0.7469743789554681, 0.7496688506190061, 0.7535423847206358, 0.7561123001771527, 0.7582887526825489, 0.7608154910056909, 0.7631336862155214, 0.7631336862155214, 0.7631336862155214]
nauc_var: 4.820267670416737e-06
alc_std: 0.0012294930927634867
nauc_std: 0.0021955107994306787
alc_mean: 0.9628910957768785
nauc_mean: 0.9782448287797539
alc_var: 1.5116532651531235e-06
