score: 0.8092772173767323
Duration: 67.76235246658325
timestamps: [2.821406126022339, 3.4999217987060547, 4.432223081588745, 6.331376552581787, 7.437025308609009, 9.70110034942627, 11.368207216262817, 15.377426862716675, 20.099828958511353, 25.139286994934082, 29.021266222000122, 37.22646522521973, 46.43630790710449, 56.70212507247925, 67.76235246658325]
nauc_scores: [-0.0027207110181002303, 0.44540625065176354, 0.6351707298998315, 0.6933475207022317, 0.7428061159058728, 0.7701288295412336, 0.7848147671112637, 0.8000348901553627, 0.8286843199758953, 0.8139009534497654, 0.8087387552745704, 0.8199211887414293, 0.8289110643838189, 0.8317104945815423, 0.8342092343202865]
accuracy: [0.2484933966730167, 0.3799987507737765, 0.5546704880851707, 0.5602257133323085, 0.6388709640030658, 0.6759003395310155, 0.6869231073116379, 0.7019334125723354, 0.7262859133178251, 0.7065758243315484, 0.7020361285519244, 0.7428789552120829, 0.7488877145510896, 0.7450111258831263, 0.7442747230865046]
nauc_std: 0.007676576152397428
alc_var: 0.00022725482692401215
alc_mean: 0.8076927713753005
nauc_mean: 0.8341026322965611
nauc_var: 5.89298214235569e-05
alc_std: 0.015074973529794743
