score: 0.9563543479213334
Duration: 95.33911490440369
timestamps: [3.1932246685028076, 5.041187286376953, 9.467432737350464, 14.996973514556885, 22.72439980506897, 32.84021782875061, 45.0868980884552, 59.16556668281555, 74.38823533058167, 93.85194849967957, 95.33911490440369]
nauc_scores: [0.35874341685324684, 0.3160629313201555, 0.8916400376091822, 0.9749604926564903, 0.9767855541005919, 0.994412936037218, 0.9938563314718669, 0.9984541481643732, 0.9970503802841606, 0.9991394818237076, 0.9990326161845651]
accuracy: [0.4655343792257161, 0.54469804292413, 0.8284349803349925, 0.8736183642087304, 0.9079791889310067, 0.9476400587915428, 0.9497461877537526, 0.978104813981566, 0.9657182622370225, 0.9845552730623526, 0.9855145357657912]
alc_std: 0.00017388667379818418
nauc_mean: 0.9991435082688508
nauc_std: 0.00013693387767446219
alc_mean: 0.9560574249455425
nauc_var: 1.875088685496457e-08
alc_var: 3.0236575324596116e-08
