score: 0.8464369806882972
Duration: 212.44997262954712
timestamps: [22.199567556381226, 30.729606866836548, 39.940305948257446, 49.36227583885193, 59.5215425491333, 71.05817794799805, 84.82607889175415, 105.10975337028503, 138.72762608528137, 208.66372537612915, 212.44997262954712]
nauc_scores: [0.4195285623619256, 0.44995166187014446, 0.7493138755942621, 0.9255699673760815, 0.9598968356823547, 0.9849393939144679, 0.9902552168019725, 0.9945411563040891, 0.9969364901717543, 0.9970133836968624, 0.9970133836968624]
accuracy: [0.13299584543881096, 0.1974678393571227, 0.5096391834823358, 0.7270200392321168, 0.7919789331739276, 0.8849823757458402, 0.8917667473748432, 0.9145368446930302, 0.9419014929029002, 0.9503193713399557, 0.9503193713399557]
nauc_var: 9.309632364562101e-09
alc_mean: 0.8463272074320729
alc_std: 0.0002476352183558594
nauc_std: 9.648643616883205e-05
alc_var: 6.132320137015415e-08
nauc_mean: 0.9969794717937571
