score: 0.8561815867889436
Duration: 195.55679416656494
timestamps: [11.314783334732056, 13.869425058364868, 19.899608373641968, 25.126919269561768, 36.554816007614136, 49.852590799331665, 71.73599624633789, 86.67241168022156, 107.44109535217285, 129.05001425743103, 156.08030366897583, 195.55679416656494]
nauc_scores: [0.4348096748596588, 0.5059871571880916, 0.6056870205431926, 0.7257787451120388, 0.9489811422726022, 0.9005787474343034, 0.9743289405157247, 0.9490073981523788, 0.9130655190963268, 0.9705784339356314, 0.9754398600775527, 0.9409869994432205]
accuracy: [0.14291009634885546, 0.19189883438875982, 0.24043400814946445, 0.24673689530832152, 0.49491188538035785, 0.3886054377123278, 0.5969788669258317, 0.49748282029643315, 0.4251694825733586, 0.6094202058808014, 0.6342518766996185, 0.5010056184625776]
alc_mean: 0.8559013927121517
alc_var: 9.386063941318023e-07
nauc_var: 6.634482143279895e-06
nauc_mean: 0.9395593329199144
nauc_std: 0.002575748850971285
alc_std: 0.0009688170075570527
