score: 0.6146087863530468
Duration: 200.30361461639404
timestamps: [78.53533673286438, 99.48488306999207, 119.38175058364868, 139.57316875457764, 160.06471633911133, 180.01135301589966, 200.30361461639404]
nauc_scores: [0.23410533669866163, 0.8276948629732308, 0.8812133607012944, 0.8915475816166547, 0.8906377838220003, 0.8940534920111072, 0.8940534920111072]
accuracy: [0.11231646648238817, 0.3895958183889438, 0.4801165076369588, 0.5288102818903272, 0.5233165342120323, 0.5489616763764181, 0.5489616763764181]
nauc_var: 2.213630633193869e-06
alc_std: 0.0005523039622332447
nauc_std: 0.0014878274877128293
alc_var: 3.0503966669854134e-07
alc_mean: 0.6156854292750482
nauc_mean: 0.8943233653395556
