score: -0.007414751060880652
Duration: 616.1607925891876
timestamps: [246.99623942375183, 268.1405050754547, 288.51801896095276, 310.61151361465454, 331.28203105926514, 353.0282940864563, 375.17124581336975, 400.7456696033478, 429.830890417099, 469.52734994888306, 525.4130847454071, 599.9536356925964, 616.1607925891876]
nauc_scores: [0.0, 0.0, 0.0, 0.0, 0.0, -0.012027438619102715, -0.019413144402629978, -0.027923173552508507, -0.022905531974557247, -0.006781468480794972, -0.023185018703675397, -0.02241372898493066, -0.02143270596421676]
accuracy: [0.0625717771119697, 0.0625717771119697, 0.0625717771119697, 0.0625717771119697, 0.0625717771119697, 0.4979430405772485, 0.9297449076770617, 0.9368581981339825, 0.9364808396711845, 0.5385574362932797, 0.9363932546455972, 0.9297826449289456, 0.9297768513736784]
nauc_mean: -0.018307151131653755
alc_std: 0.0010284303708779437
alc_var: 1.057669027744145e-06
nauc_var: 4.8969278274393246e-06
nauc_std: 0.0022129003202673463
alc_mean: -0.007123625719784467
