score: 0.8883540801405518
Duration: 77.5466935634613
timestamps: [12.905935525894165, 15.222548484802246, 22.293787002563477, 29.625585317611694, 38.357574224472046, 49.37518668174744, 62.172321796417236, 75.06342101097107, 77.5466935634613]
nauc_scores: [0.8433538583834135, 0.9012698037037399, 0.9055062432931, 0.9258605004432541, 0.9325879105955599, 0.950075475701345, 0.9575414778648437, 0.9562674415421286, 0.955475273130002]
accuracy: [0.4741096883373304, 0.5433298909748664, 0.6523241044652968, 0.6627573810825028, 0.7356306391001831, 0.7822420604123873, 0.8197025314799261, 0.8106881072466048, 0.814589533789199]
nauc_var: 2.00240910435792e-05
alc_std: 0.007726287206083255
nauc_mean: 0.9584926295058647
nauc_std: 0.004474828604938875
alc_mean: 0.887082844624229
alc_var: 5.9695513990885786e-05
