score: 0.006688888370610642
Duration: 419.8100907802582
timestamps: [10.555201053619385, 12.822657108306885, 19.862326622009277, 27.099154949188232, 36.601855516433716, 48.381717681884766, 61.607863664627075, 76.81255316734314, 95.58802342414856, 179.356196641922, 397.3547821044922, 419.8100907802582]
nauc_scores: [-0.020828641068929787, -0.03392971267617273, -0.03999542038411985, -0.02930748578767961, -0.0036352144594617997, 0.0016834488078945054, 0.024740790657385325, 0.021589587203085125, 0.00820757568824182, 0.01116111858217983, 0.024371843114803893, 0.01373547927547647]
nauc_mean: 0.009523792702355838
alc_mean: 0.0024744371302088653
alc_var: 0.00025179025662599747
alc_std: 0.015867900195867046
nauc_std: 0.018835352019561453
nauc_var: 0.0003547704857007977
