score: 0.8791645639734307
Duration: 54.30163860321045
timestamps: [12.776909828186035, 22.391979932785034, 38.33534574508667, 54.30163860321045]
nauc_scores: [0.9276115602578607, 0.9276115602578607, 0.9399940410726466, 0.9399940410726466]
accuracy: [0.5589042829928879, 0.5589042829928879, 0.6696379351993592, 0.6696379351993592]
alc_var: 1.0611865142491918e-05
nauc_var: 1.3433548955039024e-05
nauc_std: 0.003665180616973606
alc_mean: 0.878361791958637
nauc_mean: 0.9403612370023747
alc_std: 0.00325758578436423
