score: 0.9757284749316131
Duration: 19.914677381515503
timestamps: [3.1733391284942627, 4.579307317733765, 8.496514797210693, 13.61466932296753, 19.914677381515503]
nauc_scores: [0.5258741270910843, 0.8894319953144052, 0.9884459835391073, 0.9982958908539981, 0.99839104673402]
accuracy: [0.5861941672051135, 0.7823009132804399, 0.9002016244127533, 0.9718334119704782, 0.9622298165859231]
nauc_var: 2.6557264746629135e-07
alc_std: 0.0004402281724203019
alc_var: 1.9380084379251906e-07
nauc_std: 0.0005153374112814743
alc_mean: 0.9759889304900445
nauc_mean: 0.9983446535374909
