score: 0.8381732055823103
Duration: 378.35521697998047
timestamps: [17.138916969299316, 48.01970028877258, 68.1946473121643, 82.84483528137207, 97.61431336402893, 109.61771178245544, 121.54916954040527, 136.51309895515442, 164.81854033470154, 193.1003487110138, 224.04302763938904, 265.94026350975037, 302.1082260608673, 338.72105622291565, 378.35521697998047]
nauc_scores: [0.7983294539960375, 0.8461326135160656, 0.9095062254990938, 0.9251056842372456, 0.928592259337166, 0.928592259337166, 0.928592259337166, 0.9332004808070622, 0.9332004808070622, 0.9332004808070622, 0.9332004808070622, 0.9343100482637092, 0.9343100482637092, 0.9343100482637092, 0.9422317110342158]
accuracy: [0.6010214879058401, 0.39752385708589527, 0.5785702342345994, 0.7812212722890504, 0.788272552180569, 0.788272552180569, 0.788272552180569, 0.7613153434093919, 0.7613153434093919, 0.7613153434093919, 0.7613153434093919, 0.8124574603907417, 0.8124574603907417, 0.8124574603907417, 0.7858925703251366]
alc_mean: 0.8383839189274218
alc_std: 0.0006134758047061908
nauc_var: 1.8584107927475689e-06
nauc_mean: 0.9419022218771925
nauc_std: 0.0013632354135465997
alc_var: 3.7635256295990843e-07
