score: 0.008010552803030951
Duration: 701.5850806236267
timestamps: [30.41039490699768, 56.47162342071533, 82.95547914505005, 109.58489465713501, 138.16047549247742, 169.6622040271759, 208.6005802154541, 260.4927406311035, 339.3153874874115, 473.5282998085022, 701.5850806236267]
nauc_scores: [0.010097712918421431, 0.011454496240544065, 0.010373539399130882, 0.007362305813075842, 0.006949058303034272, 0.008913174447580552, 0.011136575635617874, 0.008993206679992483, 0.009346356259892774, 0.008003360346702015, 0.009222104016022525]
nauc_var: 1.6978576810430998e-05
alc_mean: 0.009143789307404365
alc_var: 2.680448555041467e-06
nauc_mean: 0.00849961925051177
nauc_std: 0.0041205068632913355
alc_std: 0.0016372075479429806
