score: 0.023229604605192137
Duration: 129.649108171463
timestamps: [49.39207410812378, 58.958404541015625, 69.13964200019836, 81.34232664108276, 97.21399784088135, 120.91958093643188, 129.649108171463]
nauc_scores: [0.002567078263076006, -0.008426816433546369, 0.003660423782652522, 0.03565460240125651, 0.033224532676398244, 0.021162042261327008, 0.03242949190630551]
accuracy: [0.10099294395316308, 0.09822349621080544, 0.07793551490654135, 0.08098087150570075, 0.10079279506697625, 0.07882187791969768, 0.07884247610507941]
nauc_std: 0.008327325908364543
nauc_mean: 0.03033140989954395
alc_var: 5.8973869063213266e-05
alc_std: 0.007679444580385567
nauc_var: 6.934435678411936e-05
alc_mean: 0.02221494317402839
