score: 0.6820065194642737
Duration: 34.07557559013367
timestamps: [3.796966552734375, 5.144927501678467, 11.26273798942566, 18.291163444519043, 26.27385377883911, 32.418484687805176, 34.07557559013367]
nauc_scores: [0.6499692728115054, 0.7168167775385945, 0.726522209220231, 0.7478068292403686, 0.7227827223063135, 0.7365378471098971, 0.691658088347864]
accuracy: [0.5134032585909633, 0.5894553428167493, 0.6306264030507943, 0.6515689993117084, 0.6736836782507707, 0.67340668986233, 0.6556380205784914]
nauc_mean: 0.695060525833422
alc_var: 0.00021129105751556274
alc_std: 0.014535854206601095
alc_mean: 0.6719833825535572
nauc_var: 0.00029653817024565844
nauc_std: 0.017220283686561567
