score: 0.5466396203021775
Duration: 517.0031218528748
timestamps: [15.610235691070557, 21.985167503356934, 28.54960298538208, 35.48334050178528, 43.23963451385498, 52.41224670410156, 64.10730457305908, 83.23429083824158, 114.150808095932, 169.38075876235962, 284.73045539855957, 515.6711227893829, 517.0031218528748]
nauc_scores: [0.02585212489760358, 0.1447434329476518, 0.3311192100892535, 0.5190425087298067, 0.5676915331323604, 0.5969847777016344, 0.6073915417799558, 0.6155156625433893, 0.6435151472013168, 0.6490781775052532, 0.6538254724101777, 0.6303861077971691, 0.6303861077971691]
alc_mean: 0.5475681122530069
nauc_std: 0.007760900664270337
nauc_mean: 0.630192326800456
alc_std: 0.0035987821450297656
nauc_var: 6.023157912067175e-05
alc_var: 1.295123292738504e-05
