score: -3.4097832716659254e-05
Duration: 81.91293740272522
timestamps: [24.034992694854736, 27.527082920074463, 31.446764707565308, 35.58052134513855, 39.65901803970337, 43.74605345726013, 48.06844115257263, 52.605846881866455, 57.098039388656616, 62.34335732460022, 69.16909170150757, 79.23180174827576, 81.91293740272522]
nauc_scores: [-0.005823540463980703, -0.003921106158623622, -0.0036334590578093184, -0.00409281348156032, -0.001021249697980231, -0.00042564919897947195, 0.009859969631740295, 0.011180319996901611, 0.004709401510431865, 0.0011893866150789467, 0.00021759213333294447, 4.3320142189884336e-05, -0.0001995797931723109]
accuracy: [0.2350578360533333, 0.23233297935803063, 0.21946431748817502, 0.21302541175754836, 0.213990155247825, 0.17407549803989164, 0.17039849158348422, 0.22950644837279985, 0.24815681231616837, 0.2500642670168827, 0.24973619655270404, 0.24993719393905017, 0.24990795176240518]
alc_std: 0.00015553552415527766
nauc_var: 1.9503049315431574e-08
alc_mean: 2.2400878496180138e-05
nauc_mean: -0.0001419492403289313
nauc_std: 0.000139653318311566
alc_var: 2.419129927425696e-08
