score: 0.8747052417791578
Duration: 552.4303169250488
timestamps: [13.507205724716187, 17.488457441329956, 24.418548822402954, 33.0782036781311, 43.91093587875366, 57.064711570739746, 72.33441019058228, 88.47720003128052, 108.22269892692566, 128.8784520626068, 251.997713804245, 552.4303169250488]
nauc_scores: [0.7812738094810607, 0.8359025337010038, 0.8591067989006862, 0.8886579692895604, 0.9108986387166573, 0.9291561860967255, 0.9316029544473317, 0.952804852953304, 0.9568421330406149, 0.9593381408052368, 0.9598231107643149, 0.942836263426077]
accuracy: [0.7334282300365681, 0.7804225197347463, 0.7947970111311716, 0.8244080803914197, 0.8319825436192708, 0.835346365920345, 0.8670956026547453, 0.8744590468384859, 0.8856526798748406, 0.8862541792141878, 0.8948636908444841, 0.8667145611514687]
alc_mean: 0.8755054138405771
nauc_var: 7.570200279632615e-07
alc_var: 1.168367687526117e-06
nauc_std: 0.0008700689788535513
nauc_mean: 0.9422737454950845
alc_std: 0.001080910582576615
