score: 0.29322135392115856
Duration: 1072.9521887302399
timestamps: [201.13981437683105, 230.35092854499817, 260.11379957199097, 285.9470784664154, 316.98251485824585, 347.5355899333954, 378.05077958106995, 409.5883288383484, 442.74583983421326, 479.74757719039917, 524.4079642295837, 580.5122120380402, 663.8859786987305, 803.2173728942871, 1044.1912047863007, 1072.9521887302399]
nauc_scores: [-0.0007268994926566963, 0.001471953055690589, 0.0015789953692411096, 0.002617773493856168, 0.00864495157199352, 0.0316229014674958, 0.032802944597192685, 0.09725096341317685, 0.6624778777096214, 0.9210567539784336, 0.9675254647201716, 0.9836690927308194, 0.9916196821703995, 0.9944578949701679, 0.997805763373357, 0.997805763373357]
accuracy: [0.5380855658553007, 0.5491093511297006, 0.5380986806117953, 0.5197526647414286, 0.5410507277573993, 0.5271131648899999, 0.5529933540474059, 0.5391860485326129, 0.6568489114995099, 0.849018224765965, 0.9047382934036109, 0.9319709157961746, 0.9483982070901043, 0.9640845188886984, 0.975636523253364, 0.975636523253364]
nauc_mean: 0.9977958195335639
alc_std: 0.00024650073028239123
nauc_var: 8.076405015765413e-09
nauc_std: 8.986882115486668e-05
alc_var: 6.076261002975218e-08
alc_mean: 0.29321736508610774
