score: 0.21412752851691927
Duration: 836.2351200580597
timestamps: [17.145470142364502, 20.679431438446045, 30.326719284057617, 39.84951138496399, 51.269712924957275, 63.455498695373535, 79.35659694671631, 95.63859224319458, 116.36910104751587, 139.27892518043518, 164.6523232460022, 189.88610434532166, 218.35336709022522, 251.2018699645996, 289.9197111129761, 324.9901146888733, 373.35321974754333, 605.4888563156128, 836.2351200580597]
nauc_scores: [0.05481802870968289, 0.14004002427316187, 0.13000210617394936, 0.2179261233079759, 0.23508143673006177, 0.25978213985356025, 0.25866729250820053, 0.2686735657109536, 0.2740694183545169, 0.295847322147472, 0.31346718994929823, 0.28280431862020605, 0.29741301856848357, 0.32799733655419683, 0.23713654558120778, 0.2900496316737935, 0.19650792420027452, 0.19487378670427358, 0.22076122400107234]
accuracy: [0.08370656673085475, 0.08280865384324748, 0.08803602707579683, 0.08638791325778183, 0.10096419929233896, 0.09739482573264913, 0.10835909417744623, 0.10839661830995923, 0.1002443932226562, 0.10592833576336162, 0.10826819200867534, 0.11902140971390067, 0.12834649510932722, 0.12011328745625387, 0.11436631806932812, 0.12052359364253291, 0.12187815520633116, 0.12006861302712771, 0.13130100152920143]
nauc_mean: 0.21745114348194772
nauc_var: 0.00011447577672752635
nauc_std: 0.010699335340455796
alc_var: 8.174365257878607e-05
alc_mean: 0.21178851369794902
alc_std: 0.009041219640003558
