score: 0.26379128610040603
Duration: 11.961141586303711
timestamps: [4.161765098571777, 5.665642023086548, 7.340430021286011, 9.139302730560303, 11.471212387084961, 11.961141586303711]
nauc_scores: [0.022142708656875953, 0.01390170661653567, 0.16332012599242707, 0.2366145636560908, 0.27533755022875517, 0.27533755022875517]
accuracy: [0.2768451792203216, 0.19424226298456398, 0.38988780137912643, 0.41738709011719033, 0.601029165329685, 0.601029165329685]
alc_std: 0.01213563885059741
alc_var: 0.0001472737303121292
nauc_var: 0.000331266753808218
alc_mean: 0.24849672465901249
nauc_mean: 0.275057657075427
nauc_std: 0.01820073497989073
