score: 0.20124971417119597
Duration: 366.6113119125366
timestamps: [37.357077836990356, 38.46735334396362, 39.271160364151, 41.19402861595154, 73.9051775932312, 112.11963725090027, 184.36924839019775, 222.13826370239258, 260.91830706596375, 297.3305757045746, 333.04098439216614, 366.6113119125366]
nauc_scores: [0.05086828741378513, 0.010476496584373107, 0.13536622119651143, 0.14256265168385762, 0.23365716405024783, 0.26050968428472276, 0.2957004917218786, 0.27730032966118556, 0.22240428698473202, 0.2350948330523488, 0.264883325914792, 0.252388897554908]
accuracy: [0.02693666851821699, 0.46175250611543706, 0.5028505832684601, 0.40847948782615123, 0.3384888181668562, 0.49039995729102953, 0.4435428356099692, 0.4907174754343009, 0.4353841536282137, 0.462553116120958, 0.44604686580254593, 0.48027204474473056]
nauc_std: 0.032041734340360194
alc_mean: 0.2142103395558868
nauc_var: 0.0010266727395382177
alc_std: 0.019644492823598914
alc_var: 0.0003859060982964293
nauc_mean: 0.2567103415048633
