score: -0.0005594972262397751
Duration: 34.65196681022644
timestamps: [12.565921545028687, 14.290051698684692, 16.271541357040405, 18.207707166671753, 20.440356254577637, 23.428359270095825, 27.22933864593506, 33.534398555755615, 34.65196681022644]
nauc_scores: [0.0, 0.0, 0.0, 0.00013482801305952918, -0.0012109994065150342, 0.023631906229943045, -0.0038682096517661524, -0.0016194646577848415, -0.0009374332613776293]
accuracy: [0.5017997600319952, 0.5017997600319952, 0.5017997600319952, 0.5017997600319952, 0.5017997600319952, 0.5043204963508119, 0.5031186548998732, 0.5000532751920691, 0.5001836630546057]
nauc_std: 0.0011567505411718467
nauc_var: 1.3380718145013605e-06
alc_mean: 7.039975535127782e-05
alc_std: 0.0011320138512570536
alc_var: 1.281455359437827e-06
nauc_mean: -0.0012143126669303616
