score: 0.8778878366680527
Duration: 164.41264700889587
timestamps: [11.323997497558594, 18.076653003692627, 25.111769199371338, 32.49338340759277, 40.749250173568726, 50.24069023132324, 62.88159251213074, 80.79838681221008, 110.207022190094, 162.95047640800476, 164.41264700889587]
nauc_scores: [-0.017723218451730416, 0.5573561031249104, 0.5557961691234776, 0.7726805446252005, 0.9060254476040235, 0.9829019554634086, 0.9979100163868615, 0.9988219909174731, 0.9987650574757854, 0.9993670477911778, 0.9993670477911778]
accuracy: [0.20206387837954606, 0.21694421893054844, 0.29548045507160214, 0.42727374154875064, 0.64570591895142, 0.802845190644188, 0.9449561097767356, 0.9657129526448606, 0.9708571301450611, 0.9771917966251427, 0.9771917966251427]
nauc_std: 7.165853456306186e-05
nauc_mean: 0.9994058483153291
nauc_var: 5.1349455757255315e-09
alc_std: 0.00024982627022023657
alc_mean: 0.8778093224441849
alc_var: 6.241316529215467e-08
