score: 0.7165312737044575
Duration: 967.8865609169006
timestamps: [17.0444552898407, 18.78623127937317, 22.782371282577515, 29.24177360534668, 37.31664228439331, 46.975295305252075, 71.07650208473206, 85.51977610588074, 102.68513607978821, 121.319265127182, 141.6909589767456, 287.4355366230011, 967.8865609169006]
nauc_scores: [0.11335662369194721, 0.32662191052770395, 0.5672831408970622, 0.751754314761599, 0.8052426999473319, 0.8098336104385855, 0.7467786918114052, 0.7441707878095569, 0.8047150437244086, 0.7721613396184628, 0.8208282938541689, 0.8082129978159542, 0.7894656685578298]
nauc_var: 0.0006213442124437863
alc_var: 0.00020015873986857052
nauc_std: 0.024926777016770266
alc_mean: 0.7132962527792105
alc_std: 0.014147746812428138
nauc_mean: 0.7924420097291007
