score: 0.045668576278663504
Duration: 79.44100952148438
timestamps: [33.12727165222168, 42.1152458190918, 55.231505393981934, 76.76268863677979, 79.44100952148438]
nauc_scores: [-0.01128160930062827, -0.03382924553816813, -0.023664845367012743, -0.02573742478715757, 0.06756211770964637]
accuracy: [0.19927153757039465, 0.19934859825273415, 0.20030350334974684, 0.2002210841136457, 0.20105120648378902]
nauc_mean: 0.05687100130491929
alc_mean: 0.05798776905402867
nauc_var: 0.0006883789299454626
nauc_std: 0.026236976387256642
alc_var: 0.0002662290324944807
alc_std: 0.016316526361161578
