score: 0.783052998202186
Duration: 124.90901970863342
timestamps: [11.401573181152344, 15.868022203445435, 20.063719987869263, 25.347461700439453, 30.928576469421387, 37.915807247161865, 45.940953493118286, 60.98524761199951, 72.51725006103516, 84.75178003311157, 111.85806512832642, 124.90901970863342]
nauc_scores: [-0.000607757027184519, 0.12210432940162796, 0.477030860443431, 0.6855763598954012, 0.7180457649610532, 0.7862308928776627, 0.7561310336239353, 0.8148778896442979, 0.8433007269551034, 0.8576033108122756, 0.8982136961101161, 0.899667529140926]
accuracy: [0.5905731386610602, 0.5916768731119538, 0.7311321524081383, 0.7324698469392463, 0.7270135782679048, 0.6656791003221881, 0.7282353575255727, 0.7635947774610777, 0.7905652943332514, 0.7937619377941184, 0.8234493116974639, 0.8164250375099997]
nauc_std: 0.00255257152452086
nauc_var: 6.515621387794748e-06
alc_mean: 0.7834862187109307
nauc_mean: 0.8995875245551164
alc_std: 0.0021691477466630614
alc_var: 4.705201946853437e-06
