score: 0.8778522030898999
Duration: 76.65309143066406
timestamps: [20.01713728904724, 31.57969880104065, 36.92852282524109, 42.26115131378174, 47.6835412979126, 53.562251806259155, 59.401883602142334, 65.08110284805298, 70.77650618553162, 76.65309143066406]
nauc_scores: [0.9671883666426353, 0.9671883666426353, 0.9671883666426353, 0.9671883666426353, 0.9671883666426353, 0.9674294489035866, 0.9696929591238503, 0.9697743345732852, 0.9699341995658468, 0.9699341995658468]
accuracy: [0.6961794893995881, 0.6961794893995881, 0.6961794893995881, 0.6961794893995881, 0.6961794893995881, 0.7669866859348005, 0.7850501038075558, 0.7923306089018431, 0.8029195861772956, 0.8029195861772956]
alc_mean: 0.8783751649354731
alc_std: 0.0012528397224988662
nauc_std: 0.001867311327735421
nauc_mean: 0.970086778484955
nauc_var: 3.486851594689021e-06
alc_var: 1.5696073702710362e-06
