score: 0.8421935330798478
Duration: 1016.1454124450684
timestamps: [4.055570602416992, 6.520734548568726, 12.1909339427948, 18.817794799804688, 28.449280500411987, 39.318623304367065, 52.09005880355835, 66.89880895614624, 83.61205697059631, 102.66031956672668, 124.78379106521606, 146.86881303787231, 170.0096776485443, 267.3164188861847, 307.10586857795715, 338.873694896698, 454.44949984550476, 553.2051391601562, 1016.1454124450684]
nauc_scores: [0.4331908146800578, 0.49302437126849497, 0.6600173334532604, 0.7257076384495593, 0.7531051075453243, 0.8085502484628977, 0.8332121830564321, 0.834781750005724, 0.8619660135827438, 0.8744199373157533, 0.8708763006302453, 0.8978338780075266, 0.8964190237552767, 0.9178261160783705, 0.9184262863631103, 0.9225921153504217, 0.9205378345043493, 0.9262162785964767, 0.9286116318775948]
accuracy: [0.021825710848046326, 0.03883213271178045, 0.07628859754709667, 0.10240072699213892, 0.10579595032657774, 0.15311456783396135, 0.17699599992178633, 0.19472553299707346, 0.21267747137005127, 0.2372213433455815, 0.2497007246473492, 0.28422899750137454, 0.29917499039808176, 0.36423976894362076, 0.3844184316099217, 0.40345422880002535, 0.41561013688422993, 0.3901568367368459, 0.4167864246636408]
nauc_var: 3.6787134313115702e-06
alc_var: 1.1536772626923738e-06
nauc_mean: 0.9277541709730761
alc_std: 0.0010740936936284348
nauc_std: 0.0019179972448654795
alc_mean: 0.8415803079840692
