score: 0.7739303095324559
Duration: 74.19714713096619
timestamps: [3.725322961807251, 9.330322504043579, 15.573987245559692, 17.165008783340454, 18.77580237388611, 20.35007071495056, 21.942970752716064, 23.509754419326782, 25.08547592163086, 26.806089162826538, 28.342105388641357, 29.94449281692505, 31.551522970199585, 33.13377022743225, 34.701244831085205, 36.31183338165283, 37.88119149208069, 39.35681128501892, 40.85764932632446, 42.561447858810425, 44.07626223564148, 45.6372492313385, 47.14294242858887, 48.55147671699524, 50.06900215148926, 51.59432888031006, 53.070282220840454, 54.68999791145325, 56.31063652038574, 57.97083640098572, 59.60055732727051, 61.27494812011719, 62.878748178482056, 64.50278902053833, 66.07932877540588, 67.68398666381836, 69.28533267974854, 70.90550422668457, 72.52665901184082, 74.19714713096619]
nauc_scores: [0.5998060332349024, 0.5998060332349024, 0.7693701387682628, 0.8334177716017215, 0.8404671607511629, 0.8357024298921121, 0.8300348126917956, 0.8238219655298864, 0.8283647443691735, 0.8222634763476346, 0.8217984627410111, 0.8225535821125973, 0.8209106546619571, 0.8189848590122171, 0.8171067106710672, 0.8163763196495091, 0.8196555401154149, 0.8151821212823038, 0.8078583077606005, 0.8108239003724935, 0.812509650087816, 0.8134559618242527, 0.811492772084226, 0.8060006658560592, 0.803658107038774, 0.8031936965626387, 0.8033269884005945, 0.8062895653600446, 0.8038330148804353, 0.8033517167506223, 0.7995610416304788, 0.8029602850635942, 0.8028203587902651, 0.8002431822129581, 0.8003396830911162, 0.7996840802501302, 0.7989838457529965, 0.7968632389554746, 0.7975948362380096, 0.7980670874104954]
accuracy: [0.6253354783657368, 0.6253354783657368, 0.7049705075080243, 0.7718178721079205, 0.7966088286808758, 0.8012225110789473, 0.8137414884350942, 0.8126941974123256, 0.8094019520835543, 0.8229471972777633, 0.8252073769289137, 0.822252297444207, 0.8222722597998365, 0.8260700356283404, 0.8200835645746908, 0.8031278964826051, 0.8285895652866744, 0.8229117813099739, 0.8223169131520714, 0.8126175508860909, 0.8233745934519019, 0.821190836300471, 0.8241056854240668, 0.8217968027568431, 0.8191821473121359, 0.8158004012807374, 0.8152809356851352, 0.8230077754688385, 0.8197421405490423, 0.8189984609962289, 0.8128412160198735, 0.8251876434504426, 0.8231724016139724, 0.821501993709005, 0.8211185908581116, 0.8232211762021193, 0.8239707193498885, 0.8230139019274053, 0.8237677085500451, 0.8207137671569901]
nauc_std: 0.018088574471868814
alc_var: 4.484767092589089e-05
nauc_mean: 0.7989394651404671
alc_mean: 0.7731258028868793
nauc_var: 0.0003271965264243442
alc_std: 0.006696840368852381
