score: 0.13864041601763102
Duration: 123.76031923294067
timestamps: [44.00865054130554, 53.28897142410278, 63.69356083869934, 75.8788685798645, 92.02171421051025, 115.80181121826172, 123.76031923294067]
nauc_scores: [-3.5633472393659105e-05, 0.0053870451066857505, 0.13646920842754384, 0.18057188214496467, 0.18663682549747596, 0.1835003929834047, 0.1835003929834047]
accuracy: [0.003541147498759681, 0.020208713600956944, 0.027664279890005604, 0.02897572140358444, 0.026656453677594467, 0.026477660747058214, 0.026477660747058214]
nauc_std: 0.0054392463184929135
alc_var: 1.5499467829897148e-05
nauc_mean: 0.1848301686414947
nauc_var: 2.9585400513238716e-05
alc_mean: 0.13648337175519942
alc_std: 0.0039369363507551335
