score: -0.006890660024919448
Duration: 103.44887113571167
timestamps: [29.934948682785034, 36.270503997802734, 42.596290826797485, 49.53162431716919, 57.041797399520874, 66.34741830825806, 78.91705894470215, 98.4022626876831, 103.44887113571167]
nauc_scores: [0.044942519043352336, 0.02994417037236552, -0.01974621662902154, 0.03988238335190508, -0.03777933309709913, -0.015487093843635669, 0.00602259825332685, 0.036960843523856646, -0.01218575493452756]
accuracy: [0.33818521639494686, 0.3393403609536697, 0.34173529111523915, 0.34911978634866436, 0.37468243093317194, 0.4551213563390337, 0.4573247344404527, 0.442794133499068, 0.44272330868338633]
alc_var: 0.0003802445953849596
nauc_var: 0.0005581600013334964
nauc_std: 0.02362541007757318
alc_std: 0.019499861419634747
nauc_mean: -0.019740198038359212
alc_mean: -0.007460120766137328
