score: 0.9531141777778325
Duration: 342.1836128234863
timestamps: [2.7697274684906006, 3.72369384765625, 4.979217290878296, 8.731586456298828, 19.871988773345947, 38.724387407302856, 143.8481104373932, 342.1836128234863]
nauc_scores: [0.23346363715217033, 0.27418522541143253, 0.4804203172616217, 0.9391845996170953, 0.8835513936318338, 0.9951357074472555, 0.9968506824420349, 0.9971587558422994]
accuracy: [0.3587603081154422, 0.4286169469950168, 0.5042748519022316, 0.8437005923350378, 0.7064502218386894, 0.9500728151002028, 0.9649667570445319, 0.9675656125565298]
nauc_std: 0.0004181860534842589
nauc_var: 1.7487957532873942e-07
alc_mean: 0.9526798964411558
nauc_mean: 0.9972476552453656
alc_var: 1.4763919932952496e-07
alc_std: 0.00038423846674887324
