score: 0.1908841298178089
Duration: 43.125210762023926
timestamps: [11.32670783996582, 15.501717805862427, 20.68131732940674, 28.37231945991516, 41.04779291152954, 43.125210762023926]
nauc_scores: [0.06561184292680045, 0.12715526051330905, 0.13243360273405091, 0.19138058626718002, 0.21054864064197587, 0.21054864064197587]
accuracy: [0.6605597963734413, 0.2504977398693321, 0.4298225696168079, 0.22861860138063594, 0.47140235458280844, 0.47140235458280844]
nauc_mean: 0.21203747690225133
alc_mean: 0.19254445628957448
nauc_var: 9.33868544060046e-05
nauc_std: 0.0096636874124738
alc_std: 0.004163224254070033
alc_var: 1.7332436189676984e-05
