score: 0.9811787013557753
Duration: 1150.521991968155
timestamps: [2.439051866531372, 6.156354665756226, 11.01811146736145, 16.56542706489563, 24.502214908599854, 35.78231143951416, 51.5403733253479, 77.49841165542603, 176.335702419281, 290.46555066108704, 747.6405780315399, 929.5054965019226, 1150.521991968155]
nauc_scores: [0.9249838348535964, 0.9681157889307805, 0.9817573857596664, 0.9877056972922418, 0.9912723421829317, 0.9939086727980555, 0.995107522616665, 0.9961457099527187, 0.9978771797381256, 0.9980321929015621, 0.9985323764551777, 0.9985323764551777, 0.998356177168946]
accuracy: [0.34097468397301395, 0.5705942087296778, 0.6821997798036588, 0.7549148327727276, 0.8111504800450493, 0.8549796255336338, 0.8646404321284559, 0.8699781808739688, 0.9403785956440303, 0.9412388192369086, 0.9573378026979565, 0.9573378026979565, 0.9365140547493708]
nauc_mean: 0.9983729520702538
alc_var: 4.453885434273427e-09
nauc_std: 9.539336961813899e-05
alc_std: 6.673743652758492e-05
nauc_var: 9.099894967102883e-09
alc_mean: 0.9813252444454859
