score: 0.5587633189781109
Duration: 244.98709297180176
timestamps: [54.708882093429565, 62.08261680603027, 69.62372183799744, 76.80032896995544, 84.32520961761475, 91.9098002910614, 99.77817106246948, 108.47715210914612, 118.22370195388794, 130.38872385025024, 148.70492124557495, 180.79996919631958, 237.25289607048035, 244.98709297180176]
nauc_scores: [0.09435142876058045, 0.07685232993646629, 0.08472299620337553, 0.351789218178604, 0.4696866360107943, 0.6417766063616299, 0.6669177366528463, 0.6524682243827424, 0.6971299440488243, 0.6961082666030314, 0.7234341503319324, 0.7674523187232318, 0.8057087804550109, 0.8057087804550109]
accuracy: [0.5125002561766694, 0.5262150287236134, 0.536606419166805, 0.5156561021429651, 0.5416438675145699, 0.6361094615526803, 0.6557653744626762, 0.6705330111442039, 0.6793896329498552, 0.6900118531118349, 0.6926067787912031, 0.7326368395545577, 0.7463248928400354, 0.7463248928400354]
alc_mean: 0.5587536321137208
alc_var: 5.124474412341699e-06
nauc_mean: 0.804908836936549
alc_std: 0.002263730198663635
nauc_std: 0.001955191317564049
nauc_var: 3.822773088277843e-06
