score: 0.8334465017775958
Duration: 323.7558522224426
timestamps: [21.858433961868286, 25.722792863845825, 29.330336332321167, 33.529731035232544, 38.2730975151062, 42.97824764251709, 63.61533188819885, 71.8344738483429, 79.71120142936707, 102.23253130912781, 114.56828594207764, 126.97304248809814, 157.62569499015808, 172.68542528152466, 256.91724920272827, 323.7558522224426]
nauc_scores: [0.14209872438052207, 0.1403060409560053, 0.4283286778802553, 0.6606322570652732, 0.7956450928478549, 0.8763078519825132, 0.9394054560856777, 0.9603244183031179, 0.9706808459702825, 0.973743110799485, 0.9768503816463632, 0.9794785516091218, 0.9817874562587119, 0.9825105056483046, 0.9835145233973988, 0.9838278769324749]
accuracy: [0.015321605743845128, 0.031068458812189483, 0.0851587766538129, 0.13265973425788602, 0.2059021027205499, 0.2650740219078001, 0.3768442418788575, 0.45954528282391477, 0.512057994632266, 0.5401545669535643, 0.5624363817571674, 0.579703656655433, 0.6041570623958219, 0.61146809179703, 0.6243923873466668, 0.6285739099845897]
alc_std: 0.0005486678367510513
nauc_var: 8.68069803379474e-07
alc_var: 3.0103639508507827e-07
nauc_std: 0.0009317026367782126
alc_mean: 0.8318904923136985
nauc_mean: 0.9839583743740759
