score: 0.22351335975862352
Duration: 652.1558713912964
timestamps: [17.45696759223938, 20.453531742095947, 28.472686767578125, 34.74054574966431, 43.88331723213196, 55.267147064208984, 69.32033467292786, 86.99845886230469, 104.96563911437988, 125.5959677696228, 147.8014636039734, 169.33616876602173, 195.81751894950867, 390.6496670246124, 442.9486298561096, 652.1558713912964]
nauc_scores: [0.14535567464211918, 0.0835881181801259, 0.220565371793064, 0.18830437949519774, 0.2614943916208283, 0.25995056871986044, 0.2963854745181529, 0.30358270251867747, 0.31037054407738673, 0.3128614077298473, 0.3195002872235744, 0.29760803619903053, 0.2921636715451599, 0.24165669702704484, 0.23715812108553136, 0.1649276797376591]
accuracy: [0.08666670851501208, 0.08266329709478122, 0.08862390477527003, 0.09713599023153555, 0.08913142166465621, 0.09000332510418659, 0.09471782963183338, 0.09779774461545129, 0.09698186152490887, 0.10181441659396448, 0.10762680253791948, 0.1081314759553353, 0.1111875389278592, 0.1229766625144346, 0.12668756538281337, 0.13157547932969266]
alc_var: 0.0001035745505077515
nauc_mean: 0.16751758420522359
nauc_var: 0.0007804726243764608
alc_std: 0.010177158272708129
alc_mean: 0.21563878153850738
nauc_std: 0.02793694013983029
