score: 0.8440300060279112
Duration: 485.17783880233765
timestamps: [4.2167322635650635, 5.79941201210022, 9.646966695785522, 40.04271650314331, 122.13921308517456, 131.47848320007324, 485.17783880233765]
nauc_scores: [0.8667665646962233, 0.8205391001259892, 0.875044845810776, 0.8241226964228419, 0.8632689802019555, 0.8578261870559585, 0.8958416312515072]
alc_std: 0.020932287824347084
alc_mean: 0.8521470447075558
alc_var: 0.00043816067356130926
nauc_std: 0.016159574483520324
nauc_mean: 0.9010043753802337
nauc_var: 0.0002611318474884412
