score: 0.868879225141284
Duration: 664.3996195793152
timestamps: [4.508901119232178, 5.963719606399536, 11.425005197525024, 18.35911798477173, 26.861023664474487, 37.26634645462036, 50.53411293029785, 198.30108761787415, 234.28381991386414, 251.48947668075562, 271.5792615413666, 294.3017592430115, 664.3996195793152]
nauc_scores: [0.573095336385429, 0.7631316220101658, 0.7964417356307334, 0.8762492650745235, 0.897589013950427, 0.8907998521841143, 0.8929079731119482, 0.9175027739602464, 0.88223761874146, 0.8778182352815147, 0.8974662945586793, 0.9066475164145582, 0.9066475164145582]
accuracy: [0.5693421691431269, 0.6302522432045226, 0.676475169586346, 0.6966064415169683, 0.7209963123806635, 0.710466320798711, 0.7649144360420663, 0.7992342363289477, 0.7573549198201498, 0.7502775916463486, 0.7765244097675335, 0.7988835392082141, 0.7988835392082141]
alc_mean: 0.8624548707603055
nauc_std: 0.008403699103023283
alc_var: 1.9296537611424392e-05
alc_std: 0.004392782445264549
nauc_mean: 0.9057954738522372
nauc_var: 7.062215861415434e-05
