score: 0.9257233921661455
Duration: 164.01563215255737
timestamps: [14.754611253738403, 19.659363269805908, 26.91100263595581, 36.396217584609985, 45.47287440299988, 53.01398992538452, 56.77689981460571, 60.53828024864197, 82.37812089920044, 97.03445863723755, 109.80955076217651, 122.61418223381042, 135.74450588226318, 148.68384957313538, 161.47437238693237, 164.01563215255737]
nauc_scores: [0.9718730112686433, 0.9928178630918094, 0.9945276486241497, 0.9969417144088668, 0.9979696414462216, 0.998388561028517, 0.9984865997014685, 0.9987702187881011, 0.9987007886648271, 0.9986297195823575, 0.9985801018767801, 0.9987897501797509, 0.9988784682679948, 0.9988891246999054, 0.998843933419929, 0.998843933419929]
accuracy: [0.8563453919698113, 0.9197881590374912, 0.9154602052236017, 0.9234831518584548, 0.9358993917695468, 0.9393147648612937, 0.9413639884440117, 0.9494030868577319, 0.9324022691326401, 0.9276989679191535, 0.9392473085507843, 0.941694358489978, 0.9402694882059024, 0.9446472844104342, 0.94962254058934, 0.94962254058934]
alc_std: 2.980756287194638e-05
nauc_std: 6.414043081889779e-05
nauc_var: 4.113994865633813e-09
alc_var: 8.884908043650363e-10
alc_mean: 0.9257078606880491
nauc_mean: 0.9988465693768301
