score: 0.9289238811616635
Duration: 101.40914297103882
timestamps: [2.458693504333496, 3.971301555633545, 5.616478681564331, 13.181607723236084, 13.80785870552063, 14.487610340118408, 16.50393509864807, 22.118651628494263, 22.801615953445435, 23.564220905303955, 25.430424451828003, 27.274266481399536, 29.03494882583618, 30.816828727722168, 32.587732553482056, 35.06132531166077, 35.80611443519592, 36.60171604156494, 39.01063299179077, 41.382001638412476, 44.183489084243774, 45.255584478378296, 46.48444318771362, 48.5909321308136, 50.64847731590271, 52.73342299461365, 54.76885223388672, 56.83680963516235, 59.48525857925415, 60.48721218109131, 61.628576040267944, 64.39618945121765, 67.12347602844238, 69.87378597259521, 72.20181727409363, 72.92423415184021, 73.80259013175964, 75.85852241516113, 77.85869550704956, 79.87892866134644, 81.95676732063293, 84.85593438148499, 85.81698179244995, 86.947026014328, 89.7895736694336, 92.6090030670166, 95.4934413433075, 98.18742823600769, 100.8855504989624, 101.40914297103882]
nauc_scores: [-0.0063944106460984695, 0.8992269095794643, 0.9099964519696677, 0.9099964519696677, 0.9099964519696677, 0.9099964519696677, 0.9099964519696677, 0.9099964519696677, 0.927459310695987, 0.9350673821228734, 0.9335924009176826, 0.9395165350356778, 0.9395165350356778, 0.9395165350356778, 0.9395165350356778, 0.9395165350356778, 0.9432313828455008, 0.9432313828455008, 0.9432313828455008, 0.9432313828455008, 0.9497971508645218, 0.9497971508645218, 0.9497971508645218, 0.9497971508645218, 0.9497971508645218, 0.9497971508645218, 0.9497971508645218, 0.9497971508645218, 0.9512761346747349, 0.9512761346747349, 0.9512761346747349, 0.9512761346747349, 0.9512761346747349, 0.9512761346747349, 0.9530749577862274, 0.9530749577862274, 0.9530749577862274, 0.9530749577862274, 0.9530749577862274, 0.9530749577862274, 0.9530749577862274, 0.9536614861560779, 0.9536614861560779, 0.9536614861560779, 0.9536614861560779, 0.9536614861560779, 0.9427797128226956, 0.9427797128226956, 0.9427797128226956, 0.9546359376100824]
accuracy: [0.050013149815055884, 0.30168374601963555, 0.3197811429647145, 0.3197811429647145, 0.3197811429647145, 0.3197811429647145, 0.3197811429647145, 0.3197811429647145, 0.6879240455009523, 0.7020362251273526, 0.6852837594879951, 0.7012863925056386, 0.7012863925056386, 0.7012863925056386, 0.7012863925056386, 0.7012863925056386, 0.7098344515818543, 0.7098344515818543, 0.7098344515818543, 0.7098344515818543, 0.7055604209392522, 0.7055604209392522, 0.7055604209392522, 0.7055604209392522, 0.7055604209392522, 0.7055604209392522, 0.7055604209392522, 0.7055604209392522, 0.7064463322065387, 0.7064463322065387, 0.7064463322065387, 0.7064463322065387, 0.7064463322065387, 0.7064463322065387, 0.7017275596067228, 0.7017275596067228, 0.7017275596067228, 0.7017275596067228, 0.7017275596067228, 0.7017275596067228, 0.7017275596067228, 0.6987823922214668, 0.6987823922214668, 0.6987823922214668, 0.6987823922214668, 0.6987823922214668, 0.7049741719472148, 0.7049741719472148, 0.7049741719472148, 0.6998143524635968]
nauc_var: 3.972638988236731e-06
alc_mean: 0.9280678642165029
nauc_std: 0.0019931480096161275
alc_std: 0.003625252528477984
alc_var: 1.3142455895236014e-05
nauc_mean: 0.9548837941458622
