score: 0.5881985760463501
Duration: 1086.313767194748
timestamps: [20.954033374786377, 37.58094334602356, 54.577218532562256, 70.81822109222412, 88.40581440925598, 108.25295901298523, 130.51273560523987, 159.85671639442444, 202.26709580421448, 274.11147236824036, 400.3068425655365, 635.1379134654999, 1086.313767194748]
nauc_scores: [0.06033453779161446, 0.1146844357615231, 0.21065767639561273, 0.3300465239304813, 0.4597274702202032, 0.5939164904254384, 0.713255521273352, 0.773588660878356, 0.8126861994414811, 0.839649116368085, 0.8465173921727229, 0.8522353516292778, 0.8500301314287664]
accuracy: [0.6377494431356721, 0.6387026061014169, 0.6272116498428798, 0.568135837625887, 0.6240711552466243, 0.6306691097119226, 0.6552412158279521, 0.6897815517455074, 0.7071485651790418, 0.7111288966195861, 0.7252495923394396, 0.7353974386690152, 0.7485279907783804]
nauc_std: 0.010913313444077716
alc_var: 0.00012494686741249672
nauc_var: 0.00011910041032868742
nauc_mean: 0.8493346836515216
alc_std: 0.011177963473392491
alc_mean: 0.5803097853520918
