score: 0.8333268580305447
Duration: 369.9912545681
timestamps: [17.8042893409729, 49.83573579788208, 70.32160997390747, 84.85608315467834, 99.61127400398254, 115.22703170776367, 127.09012079238892, 139.05694794654846, 154.1745376586914, 181.3529076576233, 206.3392517566681, 231.52450728416443, 267.9721257686615, 304.50917077064514, 335.647531747818, 369.9912545681]
nauc_scores: [0.7938110310895268, 0.8482075392706347, 0.9088609939364631, 0.9194260309072106, 0.9225161256644869, 0.925389935327837, 0.925389935327837, 0.925389935327837, 0.9320215817941468, 0.9320215817941468, 0.9320215817941468, 0.9320215817941468, 0.9320215817941468, 0.930217950953353, 0.930217950953353, 0.9412148108776441]
accuracy: [0.594582662525734, 0.3931356808846892, 0.5496465241246778, 0.769395469518155, 0.8013324675000935, 0.7873729057971748, 0.7873729057971748, 0.7873729057971748, 0.751738476113952, 0.751738476113952, 0.751738476113952, 0.751738476113952, 0.751738476113952, 0.7975106703717418, 0.7975106703717418, 0.772110520180497]
alc_std: 0.0013091755113151693
alc_var: 1.7139405194273353e-06
nauc_mean: 0.9413500494001777
nauc_var: 5.664677737756975e-07
nauc_std: 0.0007526405342364291
alc_mean: 0.8336446618215982
