score: 0.8399356528365249
Duration: 211.82998538017273
timestamps: [22.112207651138306, 25.01505446434021, 27.81982660293579, 47.65212678909302, 49.04472470283508, 50.5147168636322, 53.09753203392029, 82.47118759155273, 84.15883159637451, 85.96466088294983, 88.63990449905396, 91.29918479919434, 93.89389681816101, 96.71636986732483, 99.55241298675537, 103.48724484443665, 105.48284983634949, 107.54687285423279, 110.50783729553223, 113.34900379180908, 116.44320249557495, 119.35427141189575, 122.28173828125, 147.35788321495056, 150.01615190505981, 152.81172227859497, 157.2857928276062, 161.6030888557434, 166.66035294532776, 169.32648301124573, 172.07796907424927, 177.04125952720642, 181.90287113189697, 185.60111546516418, 187.48397612571716, 189.3786883354187, 192.4360053539276, 195.49134063720703, 199.57600092887878, 201.59993720054626, 203.62141013145447, 207.00700759887695, 210.54900932312012, 211.82998538017273]
nauc_scores: [0.0005806460375814559, 0.8608248131127452, 0.870983718341503, 0.870983718341503, 0.9023576930147057, 0.9076892636846405, 0.9103672404003267, 0.9103672404003267, 0.9351151580882353, 0.9409879225898692, 0.9409879225898692, 0.9412087453022875, 0.9412087453022875, 0.9412087453022875, 0.9412087453022875, 0.9412087453022875, 0.9412087453022875, 0.9464273155637255, 0.9464273155637255, 0.9464273155637255, 0.9447987381535947, 0.9447987381535947, 0.9447987381535947, 0.9520533284313726, 0.9528619195261439, 0.9528619195261439, 0.9528619195261439, 0.9528619195261439, 0.9624920324754906, 0.9580097381535948, 0.9580097381535948, 0.9580097381535948, 0.9580097381535948, 0.9663139801879086, 0.9663139801879086, 0.9663139801879086, 0.9663139801879086, 0.9663139801879086, 0.9668498609068625, 0.9668498609068625, 0.9668498609068625, 0.9668498609068625, 0.9668498609068625, 0.9675971384803921]
accuracy: [0.05560801970290547, 0.19659683400696118, 0.2164322686200851, 0.2164322686200851, 0.581665030019415, 0.60728912943088, 0.5841026767436717, 0.5841026767436717, 0.6674149567685288, 0.6854174930966083, 0.6854174930966083, 0.6661902654620853, 0.6661902654620853, 0.6661902654620853, 0.6661902654620853, 0.6661902654620853, 0.6661902654620853, 0.6936597030312164, 0.6936597030312164, 0.6936597030312164, 0.6653956872332244, 0.6653956872332244, 0.6653956872332244, 0.6657929769824368, 0.729547089299478, 0.729547089299478, 0.729547089299478, 0.729547089299478, 0.6870443476944571, 0.7447911679875536, 0.7447911679875536, 0.7447911679875536, 0.7447911679875536, 0.7014810535428907, 0.7014810535428907, 0.7014810535428907, 0.7014810535428907, 0.7014810535428907, 0.7043740647628655, 0.7043740647628655, 0.7043740647628655, 0.7043740647628655, 0.7043740647628655, 0.7071598566893105]
nauc_mean: 0.9674200682466403
alc_mean: 0.8394967001237108
nauc_var: 1.9890201317553168e-07
nauc_std: 0.00044598431942786027
alc_var: 5.3498791871304323e-08
alc_std: 0.0002312980585117487
