score: 0.2132497468825921
Duration: 640.6242599487305
timestamps: [17.958532333374023, 21.16962480545044, 30.040579795837402, 36.801533699035645, 48.040332078933716, 59.377543210983276, 74.0898106098175, 91.82025027275085, 108.94282722473145, 132.54607319831848, 155.5648376941681, 184.3853268623352, 216.9428789615631, 245.6290225982666, 278.5968976020813, 310.56480884552, 535.4806096553802, 640.6242599487305]
nauc_scores: [0.05789627636156469, 0.0896653647956891, 0.15691592867639237, 0.23680946715709195, 0.1961419805146718, 0.2774998059124867, 0.30050925294280684, 0.27620266968686913, 0.2561146546361126, 0.30645264235522895, 0.2805385843276058, 0.25641365658974835, 0.3088598536138074, 0.21527796504321017, 0.28848615882280093, 0.2606191455906568, 0.17986939988264217, 0.19562904319019636]
accuracy: [0.04137799053008838, 0.04948063242215977, 0.06994007581946608, 0.09109295723196735, 0.09920282065930411, 0.10578461999738106, 0.10224377800259604, 0.1094337763442119, 0.1116451312102267, 0.11061704818185883, 0.10079247532960915, 0.11080877526702572, 0.11910636388443, 0.12134906854061231, 0.12764827470068618, 0.12261681661895628, 0.11813175210337384, 0.11850693340337372]
nauc_var: 0.0002961968882112925
alc_mean: 0.21324808910625587
alc_var: 0.00023217853289090326
alc_std: 0.01523740571392989
nauc_std: 0.01721037153030964
nauc_mean: 0.19918529122354192
