score: 0.8441122503031556
Duration: 187.97115397453308
timestamps: [15.40012502670288, 18.18685746192932, 25.76475501060486, 34.11170840263367, 42.635300636291504, 52.015968322753906, 64.18524670600891, 77.92058563232422, 92.19813442230225, 106.53725266456604, 123.26467418670654, 141.83021068572998, 162.75665473937988, 187.97115397453308]
nauc_scores: [0.593867151987785, 0.591973014113977, 0.7570932988472556, 0.8390581220848192, 0.8679530748374655, 0.8836078262945899, 0.897739446651638, 0.897739446651638, 0.9096992491316938, 0.917969893584935, 0.9235583348333962, 0.9287730198539117, 0.9446015485187218, 0.9529620656382862]
accuracy: [0.608866099271319, 0.6535849558514644, 0.6566813960611348, 0.6537852414086752, 0.6555846243870488, 0.6744419226805813, 0.6798013625058805, 0.6798013625058805, 0.6891781809023406, 0.6896884893137063, 0.7063483275750929, 0.7426758927134318, 0.7855943236619155, 0.8020422001207372]
alc_mean: 0.8445858267008994
nauc_std: 0.0024928914524530933
alc_std: 0.0015071899932978315
nauc_mean: 0.9536614833900898
alc_var: 2.2716216758971175e-06
nauc_var: 6.214507793713694e-06
