score: 0.09222264920874142
Duration: 568.83083319664
timestamps: [21.204370260238647, 38.86955690383911, 56.22912621498108, 72.77488780021667, 90.31462955474854, 109.2992811203003, 130.998037815094, 158.37017154693604, 196.7789809703827, 257.44698214530945, 370.7041702270508, 568.83083319664]
nauc_scores: [0.030231806653009397, 0.031125774314701093, 0.03501506712759728, 0.04484985458735724, 0.0522180381792019, 0.06500642467808015, 0.09739522363671838, 0.11488951535216074, 0.13194006225002441, 0.13584802702175391, 0.13642304714174225, 0.13351536587893875]
accuracy: [0.5012566459246633, 0.5020617572168795, 0.5022887704530216, 0.5014343156613373, 0.5016721496858734, 0.5038006455851365, 0.503616232167769, 0.5051000779091469, 0.5071641286964813, 0.5120554463297253, 0.5160490937376626, 0.518492479766064]
alc_mean: 0.09169304776364692
nauc_std: 0.02550937507268679
nauc_mean: 0.1244173048820377
alc_var: 0.00015456578954386462
alc_std: 0.012432449056556178
nauc_var: 0.0006507282165990143
