score: 0.12941656140127045
Duration: 207.71376705169678
timestamps: [45.57450723648071, 56.934990882873535, 68.2926082611084, 81.45095944404602, 97.16595315933228, 117.62594819068909, 147.78512263298035, 197.70746111869812, 207.71376705169678]
nauc_scores: [0.0027703799697649245, 0.0013767047404191768, 0.011487417993538251, 0.09295455330228819, 0.13662279296370383, 0.1228685554008786, 0.14321549208639994, 0.19866962504757524, 0.19903368488280293]
accuracy: [0.003013886039219328, 0.0047462473456855786, 0.006151667551169432, 0.009450320872861335, 0.015381142956224992, 0.014423445353237556, 0.02403721087562771, 0.027443141598991062, 0.02737423278984721]
alc_var: 8.264043972548262e-07
nauc_var: 3.0896530573857673e-06
nauc_mean: 0.19874839288661633
alc_mean: 0.12941779849282897
alc_std: 0.0009090678727437387
nauc_std: 0.0017577408959757884
