score: 0.8495658422897416
Duration: 1014.3193321228027
timestamps: [11.923885822296143, 15.990460872650146, 23.041043758392334, 29.73709750175476, 38.911256313323975, 48.719327211380005, 62.8580424785614, 80.14429497718811, 99.67625451087952, 122.35426259040833, 146.06262803077698, 169.5892744064331, 370.76588320732117, 401.2868800163269, 503.88537073135376, 703.6673407554626, 864.499169588089, 1014.3193321228027]
nauc_scores: [0.4293194198391703, 0.6441152977754949, 0.7939309996233515, 0.8462476774752303, 0.8822468671064438, 0.8808691949797864, 0.9037136867113071, 0.9198444862238642, 0.920293956548907, 0.9290889788966885, 0.930596811844103, 0.9296571291682063, 0.9239715096854038, 0.93953361695992, 0.9417966576026371, 0.9408687296022131, 0.9435896970718205, 0.948565444131436]
accuracy: [0.038244900174509676, 0.05904524056289166, 0.1013219888426103, 0.12781869523799022, 0.1635643639945797, 0.1720243488072745, 0.22407906521550555, 0.26459461136359474, 0.2954560309295748, 0.32495042787297285, 0.3596893027584197, 0.36025404039671793, 0.40253557214894065, 0.45368700381536287, 0.4732989614084648, 0.4941416992848743, 0.5112053697894424, 0.5248624107316192]
alc_var: 2.1028603245720038e-06
nauc_std: 0.0011494511622828472
alc_mean: 0.8492866080205712
nauc_mean: 0.9497735903029934
nauc_var: 1.3212379744733883e-06
alc_std: 0.001450124244529414
