score: 0.41152800125277683
Duration: 24.916027069091797
timestamps: [6.294535875320435, 8.333726167678833, 10.569471597671509, 12.672111511230469, 15.039374351501465, 17.48665475845337, 20.4521906375885, 24.19492483139038, 24.916027069091797]
nauc_scores: [-0.04340808797287521, -0.012341331395586685, 0.020971021631315256, 0.027054080874679753, 0.043553489163588255, 0.007497493940365141, 0.16103982833489217, 0.4598140080778277, 0.4598140080778277]
accuracy: [0.3549998205227066, 0.35126451240084333, 0.3386542523081768, 0.3468211169601946, 0.3582808079551907, 0.32595592426620557, 0.3209545697411147, 0.6024060486148128, 0.6024060486148128]
alc_var: 0.00032346348392450004
alc_std: 0.017985090600953338
nauc_std: 0.022506791966819373
nauc_mean: 0.4654971484540969
alc_mean: 0.41385899187420333
nauc_var: 0.0005065556846376851
