score: 0.8138848198926298
Duration: 1013.2571573257446
timestamps: [12.188741445541382, 16.092214822769165, 23.03849506378174, 29.990830898284912, 39.764177322387695, 49.903300046920776, 64.05735921859741, 80.3440306186676, 99.96576619148254, 121.16390895843506, 143.73880076408386, 213.33653593063354, 572.3801646232605, 611.6164801120758, 647.6836116313934, 677.4717357158661, 709.7600362300873, 795.4026582241058, 831.6593866348267, 911.7966220378876, 951.6329534053802, 1013.2571573257446]
nauc_scores: [0.3530266771197388, 0.5485990096172908, 0.7501085524873197, 0.7784761876407336, 0.8366379990267259, 0.8424332895422668, 0.8682234429273794, 0.8822678380982161, 0.8995105396714043, 0.8787497984319941, 0.8942099401381725, 0.8981290154643491, 0.8797880020711821, 0.9147937888234521, 0.9159015844030713, 0.9170362141521071, 0.913395124078604, 0.917190541118811, 0.9280842941570766, 0.92936425958368, 0.929800515235429, 0.93176384046969]
accuracy: [0.04643377389580078, 0.05250924552872183, 0.10894471711905307, 0.1072806649265135, 0.1507525256404994, 0.17465559873845374, 0.20583624984360405, 0.23986233785755667, 0.2766589539165593, 0.2548862982126372, 0.28626089096894525, 0.3314757209843947, 0.371383970710901, 0.42199815246051325, 0.41670206407359406, 0.4237475999024508, 0.426933131675491, 0.42774947722844153, 0.4556298012082207, 0.46138851906711137, 0.46306483983337093, 0.4721857111213626]
alc_var: 7.06401606115149e-07
nauc_std: 0.0025331071221009367
nauc_mean: 0.9309226974634042
alc_mean: 0.8142718149363255
alc_std: 0.0008404770110569051
nauc_var: 6.416631692038491e-06
