score: 0.2978581669379956
Duration: 1007.380352973938
timestamps: [14.604617357254028, 18.06134271621704, 26.417155027389526, 36.45951795578003, 47.96396327018738, 61.25559973716736, 77.45695376396179, 96.46702218055725, 117.6262948513031, 138.5974245071411, 163.71990203857422, 191.8749122619629, 220.31865167617798, 252.65716075897217, 316.9453094005585, 379.62475323677063, 415.2372968196869, 455.0175805091858, 573.4899492263794, 677.995495557785, 798.7773368358612, 836.1712689399719, 843.2853486537933, 851.0510897636414, 858.5514452457428, 866.628504037857, 874.9506413936615, 883.1514627933502, 890.934356212616, 898.8647453784943, 907.1170239448547, 915.8229281902313, 923.4078752994537, 931.4826965332031, 939.3707513809204, 947.7481272220612, 957.0839593410492, 964.7306070327759, 972.8088300228119, 980.7136905193329, 988.8188393115997, 996.7089035511017, 1005.4607772827148, 1007.380352973938]
nauc_scores: [0.13992191297132628, 0.1774649111904485, 0.23387409893659616, 0.250421316663316, 0.28687371568955733, 0.33763262340513256, 0.3373725739158666, 0.3866083475358377, 0.3603399569127135, 0.3185801866233213, 0.3488565570143438, 0.3560663047605923, 0.3721642962342955, 0.3678373443736769, 0.3499313897199463, 0.3221814634500426, 0.34469044066504373, 0.31684687139703804, 0.3303475293920044, 0.31753384677334573, 0.3190723438752934, 0.3190291400409453, 0.31903386895969366, 0.3190345791883402, 0.319035939617742, 0.31903308890634485, 0.31903127831653855, 0.31903288500557103, 0.31903568225230283, 0.31904315549093365, 0.31904116724080356, 0.3190416404266143, 0.31903760810740667, 0.31903652656261405, 0.3190352031418038, 0.3190392465361276, 0.3190404708561312, 0.31904199395785837, 0.31904217828761494, 0.31904128208205096, 0.31904121901984817, 0.31904415367925987, 0.319041648256591, 0.319041648256591]
accuracy: [0.0844217322231343, 0.07370560981134491, 0.09162450408178502, 0.09331956258884326, 0.1029149311803802, 0.10618290093148065, 0.10260768511285105, 0.11199441584628428, 0.10745248412728037, 0.10935309477792995, 0.10686560695305637, 0.11007458111597669, 0.11592830674278783, 0.1244201384426024, 0.11845016244934427, 0.1147632109677944, 0.12212622140588154, 0.12221262400354987, 0.12516151795981395, 0.12647000352416993, 0.12729936432608777, 0.12728317091105354, 0.12728448483410792, 0.12728542014133487, 0.1272857932450513, 0.12728584327983042, 0.12728702540657896, 0.12728758842370114, 0.1272878112217172, 0.1272883550569532, 0.12728836450075237, 0.1272882483430641, 0.12728808785085144, 0.1272873677446148, 0.12728727994570335, 0.1272884480225586, 0.12728877815471612, 0.12728884965311474, 0.12728909191984783, 0.12728970106172585, 0.12729007259107739, 0.12729132063297943, 0.12729065791916866, 0.12729065791916866]
alc_var: 3.120288134679544e-05
nauc_mean: 0.32021887543295585
alc_mean: 0.29618020354094965
alc_std: 0.005585953933465209
nauc_var: 0.0005680674727822647
nauc_std: 0.02383416608111693
