score: 0.013736496901550386
Duration: 183.6030397415161
timestamps: [77.86642932891846, 114.24842619895935, 158.01402354240417, 183.6030397415161]
nauc_scores: [0.004794088406391728, -0.001719060292008745, 0.0022963140509735247, 0.02484512809738848]
accuracy: [0.018185109255724488, 0.018178193685449213, 0.018212491380976942, 0.018184656243807707]
nauc_std: 0.014863968108589117
alc_std: 0.006806566779425233
nauc_mean: 0.01761052788169586
alc_var: 4.632935132277518e-05
alc_mean: 0.019184589142473805
nauc_var: 0.00022093754793315432
