score: 0.13967736199218106
Duration: 568.4422528743744
timestamps: [30.724469661712646, 39.38885974884033, 55.40280103683472, 70.39553642272949, 315.8774209022522, 568.4422528743744]
nauc_scores: [0.2719237983124787, 0.3611877333808078, 0.3371697135853309, 0.2883820487786093, 0.0, 0.0]
nauc_var: 0.0
alc_std: 0.01509885188945088
alc_var: 0.0002279753283795744
nauc_mean: 0.0
alc_mean: 0.1370412124161563
nauc_std: 0.0
