score: 0.8665464091457149
Duration: 558.1110758781433
timestamps: [14.323617458343506, 19.43925428390503, 26.991955995559692, 35.27150297164917, 45.35433101654053, 55.05350351333618, 64.59219074249268, 74.50005984306335, 84.63809108734131, 94.57688164710999, 107.47598576545715, 121.89921474456787, 137.78801560401917, 156.6104600429535, 183.2074978351593, 201.9077808856964, 225.15549540519714, 253.03936433792114, 277.4333999156952, 304.57302045822144, 350.0844371318817, 387.0690779685974, 446.68572902679443, 498.45568585395813, 535.2532188892365, 558.1110758781433]
nauc_scores: [0.78731630411161, 0.7441687400106152, 0.8589385110847796, 0.8644757096155906, 0.9008845069835745, 0.9191635434559204, 0.9252243317193669, 0.927862114341671, 0.927862114341671, 0.931837244551166, 0.9401839672951469, 0.9429273053167064, 0.9469399816424156, 0.9528198682107083, 0.9453249288627068, 0.9417839133971235, 0.9484941229708483, 0.9507805921540005, 0.9510856830499697, 0.9538521695490676, 0.9557612279784293, 0.9564324998101914, 0.9560298453525009, 0.9568646968532635, 0.9613879068130995, 0.9613879068130995]
accuracy: [0.7382759471948521, 0.7166803368603706, 0.7977906054405877, 0.7726375241390897, 0.8082766963139089, 0.8234619220161177, 0.8308491719501876, 0.8264664897212357, 0.8264664897212357, 0.840610077373564, 0.847856813922749, 0.8496473454950866, 0.8571062189492087, 0.8706425996552876, 0.8455410106539019, 0.8369123498530989, 0.8460947478396275, 0.8531859641804453, 0.8612181867050166, 0.8632342134081948, 0.8682977748235929, 0.8734448436859541, 0.8768167977668238, 0.8761701956429522, 0.8759714744792477, 0.8759714744792477]
alc_var: 1.1150916085543066e-06
nauc_std: 0.001291976634499071
nauc_mean: 0.9613724498338101
nauc_var: 1.669203624091546e-06
alc_std: 0.0010559789811138793
alc_mean: 0.8666165160731449
