score: 0.6179943084969881
Duration: 290.1029553413391
timestamps: [24.343238592147827, 41.90165376663208, 75.53869104385376, 91.20852279663086, 106.64108610153198, 121.97458553314209, 137.23701858520508, 152.45056533813477, 167.46871733665466, 183.3841323852539, 198.2866084575653, 212.93602800369263, 228.20430040359497, 243.37541222572327, 258.7169635295868, 274.55346059799194, 290.1029553413391]
nauc_scores: [0.6283704795530651, 0.6283704795530651, 0.6283704795530651, 0.7358292243348841, 0.7311727182722143, 0.7320970090349825, 0.7428821015613318, 0.7492106445134876, 0.7572970522624132, 0.7523539830074211, 0.7145391026010748, 0.731341848259808, 0.7245765645306794, 0.7145031383848297, 0.6857266888578923, 0.7033140889846836, 0.7033140889846836]
accuracy: [0.46697015809968173, 0.46697015809968173, 0.46697015809968173, 0.40290057959194336, 0.45322636482454787, 0.4951979425637866, 0.49823486145979895, 0.5055213635391129, 0.5179821262704254, 0.5238522541919307, 0.5295703716885352, 0.5224066181657859, 0.5196860390001222, 0.528719005750719, 0.5281159540154855, 0.5313508501062046, 0.5313508501062046]
nauc_mean: 0.7000771971095572
alc_std: 0.057050262130003845
alc_var: 0.0032547324091021512
nauc_var: 0.0015508293936222722
nauc_std: 0.03938057127089794
alc_mean: 0.6076777954956
