score: 0.8649152360955867
Duration: 229.13598108291626
timestamps: [10.915919780731201, 11.401329517364502, 11.969830989837646, 17.071532487869263, 20.95607590675354, 23.744837760925293, 26.83857798576355, 30.10562515258789, 33.60369944572449, 36.378419160842896, 40.856440782547, 44.64322805404663, 48.13862609863281, 51.41575479507446, 54.60521602630615, 64.88115525245667, 70.44677090644836, 76.02030849456787, 81.16685199737549, 86.2360508441925, 91.86504888534546, 97.32934236526489, 102.30426669120789, 108.97212529182434, 112.77213263511658, 116.54090762138367, 120.03046083450317, 123.95729732513428, 127.85882616043091, 131.84870100021362, 135.7645366191864, 139.54362678527832, 143.40832901000977, 147.18744039535522, 150.8483281135559, 154.76265501976013, 158.6875822544098, 162.64819383621216, 165.45367908477783, 168.14693903923035, 171.34300422668457, 174.4739682674408, 177.55760741233826, 180.38319611549377, 183.53262329101562, 186.41035437583923, 189.35345602035522, 192.27535128593445, 198.0136227607727, 203.2482545375824, 208.52236199378967, 213.85799479484558, 220.93715047836304, 223.64281916618347, 226.45131015777588, 229.13598108291626]
nauc_scores: [0.5331229316215265, 0.5520343751954211, 0.5612869875646327, 0.5612869875646327, 0.6196454993688925, 0.6840983865207961, 0.7783733494113505, 0.8284796893667863, 0.8657692310857019, 0.8923848573507971, 0.9101748664347944, 0.9223090406344314, 0.9285858776137064, 0.9315277628640592, 0.9356385493703734, 0.9356385493703734, 0.9356385493703734, 0.9457424779318109, 0.9457424779318109, 0.9457424779318109, 0.9507669739715496, 0.9537710468566407, 0.9537710468566407, 0.9537710468566407, 0.9537710468566407, 0.9537710468566407, 0.9537710468566407, 0.9460769437820697, 0.9307561579257879, 0.9297787179591614, 0.9302449516548672, 0.9257307490636242, 0.9282214043333299, 0.9241641529337032, 0.9308708264215959, 0.9338967427616012, 0.9362572886942084, 0.9386464149683542, 0.9386464149683542, 0.9386464149683542, 0.9386464149683542, 0.9386464149683542, 0.9415670353132171, 0.9415670353132171, 0.9404801723655585, 0.9404801723655585, 0.9404801723655585, 0.9404801723655585, 0.9404801723655585, 0.9404801723655585, 0.9404801723655585, 0.9404801723655585, 0.9500022344864414, 0.9500022344864414, 0.9500022344864414, 0.9500022344864414]
accuracy: [0.4720116655117645, 0.4785968522311232, 0.48569258115614766, 0.48569258115614766, 0.5057030962859788, 0.5246031278349397, 0.5673070763937735, 0.6154214791528708, 0.6702693627085264, 0.7216732945859096, 0.7605787923437629, 0.7881429162072336, 0.8081719732404716, 0.8214004896785314, 0.8291394618254913, 0.8291394618254913, 0.8291394618254913, 0.8308874956024239, 0.8308874956024239, 0.8308874956024239, 0.829534339963565, 0.8384888359150376, 0.8384888359150376, 0.8384888359150376, 0.8384888359150376, 0.8384888359150376, 0.8384888359150376, 0.8217924424893879, 0.8196798137832801, 0.8179186807794363, 0.8242787013871168, 0.8232819625182946, 0.8278383156013633, 0.8330237784745687, 0.8409146028520532, 0.8465935067333499, 0.8543930908555171, 0.8574544457518714, 0.8574544457518714, 0.8574544457518714, 0.8574544457518714, 0.8574544457518714, 0.8560972223687421, 0.8560972223687421, 0.862037416324277, 0.862037416324277, 0.862037416324277, 0.862037416324277, 0.862037416324277, 0.862037416324277, 0.862037416324277, 0.862037416324277, 0.8691587929772879, 0.8691587929772879, 0.8691587929772879, 0.8691587929772879]
