score: 0.9645382155305546
Duration: 63.928526163101196
timestamps: [2.8707408905029297, 4.603101015090942, 8.539504528045654, 14.038990020751953, 21.750484704971313, 31.799570560455322, 44.63075828552246, 58.76203107833862, 63.02023720741272, 63.928526163101196]
nauc_scores: [0.479416474271237, 0.6924193082541326, 0.9146687130970086, 0.9598615934145525, 0.9916205035838594, 0.99167714985646, 0.9934158684058456, 0.9933769643529409, 0.9934691305738623, 0.9934691305738623]
accuracy: [0.556263997591338, 0.5798889031557356, 0.8372002962114247, 0.8546852732639979, 0.9241164866173832, 0.9215894350144889, 0.9293017166419784, 0.9282323180516907, 0.9288366405761205, 0.9288366405761205]
alc_std: 0.0006067412166786893
nauc_std: 0.00096114264931741
alc_var: 3.6813490401673616e-07
nauc_var: 9.237951923368896e-07
nauc_mean: 0.9933874614068211
alc_mean: 0.9651177746409477
