score: 0.022030699431467873
Duration: 12.125144481658936
timestamps: [6.896789789199829, 9.071208477020264, 11.343092918395996, 12.125144481658936]
nauc_scores: [0.19844890615712885, 0.018556852107817434, 0.16709783144350365, 0.020382318440062663]
accuracy: [0.14392655445935343, 0.1437202034283993, 0.1438131360114419, 0.14347075616410068]
nauc_std: 0.06402988211638072
nauc_var: 0.0040998258038376124
nauc_mean: 0.008146570471837412
alc_var: 0.0017037756482792803
alc_std: 0.04127681732255141
alc_mean: 0.06283541397984775
