score: 0.8230379573194581
Duration: 258.84747838974
timestamps: [8.892688274383545, 10.686991930007935, 14.826417684555054, 20.35511612892151, 28.03186058998108, 37.96130990982056, 49.65597438812256, 67.91250920295715, 83.25127744674683, 101.00132465362549, 210.77857184410095, 243.68506836891174, 258.84747838974]
nauc_scores: [0.616088591129571, 0.708023791837521, 0.7399852687681836, 0.7806956428076133, 0.8352751345326126, 0.8553451448102969, 0.8441958112244399, 0.8782181338317934, 0.8517858406525325, 0.8703590423067815, 0.8534591442444963, 0.8921889082952443, 0.8857104613834152]
accuracy: [0.6178758843226847, 0.6049465396314534, 0.5828876039093125, 0.6526805663984847, 0.6818389981929769, 0.707174327372284, 0.6956305761529509, 0.7392356412640911, 0.7289267027863948, 0.7414808671533702, 0.7366456834391569, 0.7647931611293975, 0.7623449622853959]
alc_var: 2.5131534864277133e-05
nauc_mean: 0.8897129905619137
nauc_var: 5.35524211531537e-05
alc_mean: 0.8235085105647781
nauc_std: 0.007317951978057365
alc_std: 0.005013136230372872
