score: 0.7836719610077525
Duration: 58.54759860038757
timestamps: [5.445793390274048, 6.882445573806763, 10.751610517501831, 16.40398383140564, 27.67843794822693, 37.83758330345154, 57.761773347854614, 58.54759860038757]
nauc_scores: [0.26367895087974236, 0.5516863070637228, 0.7667357665485592, 0.809232842180986, 0.8190541896151382, 0.8166510800670661, 0.8146634881777459, 0.8175222473619543]
alc_var: 0.0001769494457193779
alc_std: 0.01330223461375486
nauc_mean: 0.8269208319900143
alc_mean: 0.7782094122256821
nauc_std: 0.020898080469344264
nauc_var: 0.0004367297673031882
