score: 0.589556186063213
Duration: 188.78104615211487
timestamps: [32.107511043548584, 37.70260238647461, 40.9645094871521, 52.213048458099365, 96.61209774017334, 143.31202602386475, 188.78104615211487]
nauc_scores: [0.4037796987206259, 0.48919564178381814, 0.6441952151060122, 0.6927444244040839, 0.6976782496834175, 0.7042473411869055, 0.6976782496834175]
accuracy: [0.25642021400653897, 0.2622492928944306, 0.3646437925134508, 0.4150834342843862, 0.46739053586745255, 0.5002546179308827, 0.46739053586745255]
nauc_var: 1.0770222190055722e-05
alc_std: 0.0025263150012359717
nauc_mean: 0.698351936386391
alc_var: 6.382267485469909e-06
nauc_std: 0.0032818016682998564
alc_mean: 0.5911529938603587
