score: 0.5919450385583521
Duration: 742.4961609840393
timestamps: [13.192391395568848, 25.998088359832764, 48.01248264312744, 51.4043869972229, 63.36607575416565, 108.01480603218079, 153.0844829082489, 198.2810778617859, 243.44476127624512, 288.7889335155487, 334.03726863861084, 379.4508454799652, 424.53892707824707, 469.5031795501709, 514.7281453609467, 560.062079668045, 605.3321907520294, 650.5503814220428, 696.4495558738708, 742.4961609840393]
nauc_scores: [0.24817403797657045, 0.5219794996720608, 0.5227315278262439, 0.6509462661466543, 0.689032139938996, 0.71879789862241, 0.7022712036662617, 0.6984011889658834, 0.6918424925000131, 0.6781303904519589, 0.6838205718447816, 0.6648223476893438, 0.6665900043796007, 0.6559966843856313, 0.6475619351788375, 0.6384122528322727, 0.6385198379503259, 0.6325794701511291, 0.6216931431511914, 0.6325794701511291]
accuracy: [0.4118214885938813, 0.29020732662990073, 0.30059612590365054, 0.37236970048470663, 0.4020788579300253, 0.4886654685316606, 0.49751012540271444, 0.5075677931001762, 0.5030133932286363, 0.505129936963156, 0.5314250996105285, 0.5203871896867912, 0.5197598602258268, 0.5292543186601584, 0.5291313059963783, 0.5390826471465016, 0.5319129994358981, 0.5302831442809853, 0.5375663836044502, 0.5302831442809853]
alc_std: 0.002417642928322923
nauc_var: 1.424160588705699e-05
nauc_mean: 0.634018584562867
nauc_std: 0.003773805226433525
alc_mean: 0.5939435765259218
alc_var: 5.84499732886984e-06
