score: 0.7629895947220352
Duration: 1017.4864404201508
timestamps: [11.124497652053833, 12.710280418395996, 15.701841115951538, 19.88291835784912, 32.24462270736694, 54.524632692337036, 82.96434712409973, 119.22493100166321, 168.4133586883545, 224.08214378356934, 492.75238823890686, 1017.4864404201508]
nauc_scores: [0.21422287651771943, 0.36062117687288486, 0.5179380064011494, 0.6451181007855431, 0.7567533361018308, 0.8072330434639745, 0.8403173044611298, 0.842767434163618, 0.8557331824024814, 0.8484452434805831, 0.8390475960602015, 0.8592511269811849]
accuracy: [0.011978234423113118, 0.039552206443785244, 0.03429661397081717, 0.05867389968615975, 0.11210406922713899, 0.1629374319297496, 0.2199340459127841, 0.2522555764181801, 0.28922674739676507, 0.31602662256971464, 0.3782379348995111, 0.40485980798265553]
nauc_std: 0.0035350873995823994
nauc_var: 1.249684292268625e-05
alc_var: 1.8047241008433796e-05
alc_mean: 0.7625560171437052
alc_std: 0.004248204445225511
nauc_mean: 0.8601805132849512
