score: 0.9033038552247381
Duration: 30.530802726745605
timestamps: [8.71007251739502, 11.017116785049438, 13.324709177017212, 15.597060918807983, 18.01418113708496, 20.5652916431427, 23.1472110748291, 26.15076732635498, 29.554852962493896, 30.530802726745605]
nauc_scores: [0.14256373322899596, 0.21111806939903177, 0.27708745770272225, 0.3688055136089836, 0.6030840316713686, 0.8151526652683441, 0.9215183354761707, 0.9609487889355055, 0.9846938446666875, 0.9846938446666875]
accuracy: [0.21570910898824713, 0.21757504187048657, 0.22289089538894316, 0.23681607174978095, 0.3110253401729572, 0.5013140916743202, 0.6428889771821056, 0.7728273414429924, 0.8182888199865271, 0.8182888199865271]
alc_mean: 0.9030228860470683
nauc_var: 5.863303853941109e-07
alc_var: 3.6034304462737474e-07
nauc_mean: 0.9849638651118028
nauc_std: 0.0007657221332795016
alc_std: 0.0006002858024536102
