score: 0.7956607465194238
Duration: 1013.0789592266083
timestamps: [12.563023805618286, 16.224251985549927, 22.51546597480774, 30.515169143676758, 39.57911252975464, 51.91651725769043, 64.63793301582336, 81.33918452262878, 98.01717233657837, 118.91182351112366, 140.6281132698059, 166.07932591438293, 191.35469102859497, 220.6561315059662, 253.09097599983215, 497.1921691894531, 903.2571642398834, 1013.0789592266083]
nauc_scores: [0.5080132853953065, 0.5947414004221359, 0.5765103040949742, 0.7041306005480337, 0.745334790496424, 0.818466829380827, 0.8429430457701701, 0.8587714941574505, 0.8667518546832247, 0.8802519989638389, 0.8871227814781648, 0.8827652283453247, 0.8967391779875138, 0.8809492984719851, 0.8839695619664434, 0.897422024361304, 0.926190233792102, 0.926190233792102]
accuracy: [0.03226025731884977, 0.06362732275294701, 0.04623429626746888, 0.0739111474755884, 0.10536357545808192, 0.148336269896211, 0.17733818225214243, 0.21404136893212378, 0.22546779774327008, 0.27103978693468644, 0.2930424633236177, 0.3004705609433411, 0.31757831048193075, 0.3113067211551138, 0.33445740165953836, 0.387390747272115, 0.4717028918068635, 0.4717028918068635]
alc_std: 0.0026037938734346207
alc_var: 6.779742535335665e-06
nauc_std: 0.0027190096802825535
nauc_var: 7.393013641470235e-06
nauc_mean: 0.9264813539659107
alc_mean: 0.7955734684201656
