score: 0.8076844663947248
Duration: 24.69849419593811
timestamps: [24.69849419593811]
nauc_scores: [0.9108235999999998]
accuracy: [0.5989882836866036]
