score: 0.8102576301973224
Duration: 34.212928771972656
timestamps: [0.6610941886901855, 0.962399959564209, 2.19698166847229, 2.7304022312164307, 3.6848292350769043, 4.943426609039307, 6.888490915298462, 8.42431092262268, 9.469627380371094, 10.873594760894775, 12.330719470977783, 26.049285411834717, 34.212928771972656]
nauc_scores: [0.3138811139240505, 0.6144081012658229, 0.6134460759493672, 0.6602600506329115, 0.6678493164556962, 0.6644366582278483, 0.7308860759493672, 0.7442260253164559, 0.741672911392405, 0.773524253164557, 0.765890835443038, 0.824761924050633, 0.824761924050633]
accuracy: [0.9758451614370013, 0.9492687514379861, 0.9771145806331922, 0.9786475738376518, 0.980051300252621, 0.9812909683896281, 0.9764323370921629, 0.9782328611617588, 0.9798024835778606, 0.9811089481875414, 0.982201218764608, 0.9799797068677112, 0.9799797068677112]
nauc_std: 0.024452292964517945
alc_mean: 0.8356157331261219
alc_var: 0.0005963061374971849
nauc_mean: 0.8316039030360518
nauc_var: 0.0005979146312226138
alc_std: 0.024419380366773945
