score: 0.21141912919942704
Duration: 740.2450711727142
timestamps: [28.47811245918274, 50.53988265991211, 72.81898593902588, 97.3616533279419, 122.32597088813782, 151.9204080104828, 189.02365469932556, 242.34353852272034, 325.284286737442, 470.35392475128174, 740.2450711727142]
nauc_scores: [0.007732890108092638, 0.009483717332213093, 0.013189263631596226, 0.01908247849259892, 0.037127120018146, 0.06235580182562961, 0.11868652783143463, 0.24036022681774294, 0.36168454399112693, 0.45927648972271795, 0.5148301733185146]
accuracy: [0.04924672586189014, 0.049244723202594966, 0.048906241024812544, 0.04772593126946908, 0.05222962912682542, 0.05344228477140103, 0.056232875221141836, 0.06317095735941237, 0.0784481742693106, 0.10268126208294708, 0.13010282032738688]
nauc_var: 1.8323763110075158e-05
alc_mean: 0.21168032355117128
alc_std: 0.003738092664436694
nauc_std: 0.004280626485699863
alc_var: 1.3973336767915422e-05
nauc_mean: 0.5161394030946903
