score: 0.6292770282780842
Duration: 138.45223689079285
timestamps: [36.36373949050903, 61.3041467666626, 76.58205270767212, 92.32352900505066, 107.46461224555969, 123.16541719436646, 138.45223689079285]
nauc_scores: [0.745252439522029, 0.745252439522029, 0.745252439522029, 0.745252439522029, 0.745252439522029, 0.745252439522029, 0.745252439522029]
accuracy: [0.4993411689716894, 0.4993411689716894, 0.4993411689716894, 0.4993411689716894, 0.4993411689716894, 0.4993411689716894, 0.4993411689716894]
nauc_var: 0.004912332972033046
alc_mean: 0.6347474368602717
alc_std: 0.04105169187563883
alc_var: 0.0016852414058523908
nauc_std: 0.0700880372961966
nauc_mean: 0.7578702306864125
