score: 0.8763173649586481
Duration: 50.638981103897095
timestamps: [2.7513630390167236, 4.360924243927002, 8.28020167350769, 14.299830913543701, 22.056211948394775, 31.96936273574829, 44.242090702056885, 49.583032846450806, 50.638981103897095]
nauc_scores: [0.1322760056204857, 0.16346906743464262, 0.5798957510460798, 0.8966133115057546, 0.8353518819021268, 0.9090553987668961, 0.8703096571391267, 0.9268904894036634, 0.9271636965878702]
accuracy: [0.5686428640784039, 0.5537582174063856, 0.5944903626457314, 0.7998893801330013, 0.7711587772077745, 0.7563336391880348, 0.7887128097936323, 0.7625193273084139, 0.763268025360335]
alc_var: 6.279075882232221e-06
nauc_mean: 0.9278308405281361
alc_std: 0.0025058084288772397
nauc_var: 1.1107276151545257e-05
nauc_std: 0.0033327580397540498
alc_mean: 0.8767464132771666
