score: 0.8335100439456573
Duration: 1014.3038971424103
timestamps: [9.104008913040161, 12.068487405776978, 19.152498245239258, 26.85005474090576, 37.57785105705261, 50.46731925010681, 64.44956707954407, 79.65096402168274, 98.34951710700989, 117.88271474838257, 140.2224543094635, 164.3846447467804, 191.40676712989807, 548.6414194107056, 594.7256801128387, 626.8718950748444, 667.4659805297852, 702.4765250682831, 1014.3038971424103]
nauc_scores: [0.5289437973591822, 0.6217742620239426, 0.7292253523507344, 0.7750717475874775, 0.8224789937440597, 0.848343886491338, 0.8647854422876813, 0.8614075690176111, 0.8927122850902016, 0.8976798939659134, 0.8881123746611812, 0.9081421940986445, 0.9101055330158447, 0.917357458532341, 0.9038814508991391, 0.9109308867078236, 0.9154851785559435, 0.9209772370278171, 0.9255892324125854]
nauc_var: 7.276632855824822e-06
nauc_mean: 0.9254052075225851
alc_var: 2.44078960103325e-06
nauc_std: 0.002697523467149975
alc_std: 0.0015623026598688393
alc_mean: 0.8347265231692468
