score: 0.3247436998428512
Duration: 16.87574291229248
timestamps: [5.256685018539429, 7.116614580154419, 9.096506118774414, 11.280466794967651, 13.559916019439697, 16.163865089416504, 16.87574291229248]
nauc_scores: [0.13562893360153816, 0.15089951701818638, 0.048778395261417806, 0.11475016818275208, 0.21762077651618528, 0.3253312429193509, 0.34496797704993254]
accuracy: [0.2769714562456868, 0.3145286780062697, 0.2932165258180801, 0.2772669910863227, 0.31697167906790463, 0.3433425365408912, 0.35295222628197237]
nauc_var: 0.00045901950376588205
nauc_std: 0.021424740459708772
alc_std: 0.013278194671563952
alc_mean: 0.322436299545071
nauc_mean: 0.3547668568751805
alc_var: 0.0001763104537359493
