score: 0.976342111089157
Duration: 13.516864538192749
timestamps: [2.550053834915161, 2.78802490234375, 4.442976236343384, 8.799996137619019, 13.516864538192749]
nauc_scores: [0.2874974803050019, 0.45972601984472683, 0.9159412175109016, 0.9854600325274827, 0.9974732566550113]
accuracy: [0.335408145876598, 0.4023419264710203, 0.7956153767627097, 0.8952889849115482, 0.950630599881145]
alc_mean: 0.9760717521202839
nauc_var: 2.7176986119949895e-07
alc_var: 4.1632749834440884e-07
nauc_mean: 0.9975727734653569
nauc_std: 0.0005213155102234145
alc_std: 0.000645234452229892
