score: 0.7720055182017833
Duration: 238.09435153007507
timestamps: [1.0136864185333252, 1.8287627696990967, 4.204719305038452, 5.881210803985596, 7.536767959594727, 9.163032531738281, 10.785282135009766, 12.448935270309448, 14.080117464065552, 15.686238050460815, 17.27893090248108, 18.91729736328125, 20.62533688545227, 22.28518509864807, 23.961702346801758, 25.621062517166138, 27.239247798919678, 28.9197940826416, 30.572744131088257, 32.31388545036316, 34.17309546470642, 36.07978796958923, 37.99017095565796, 39.95517325401306, 41.892601013183594, 43.812012672424316, 45.81098651885986, 85.88100481033325, 124.26505398750305, 163.3868443965912, 200.480717420578, 238.09435153007507]
nauc_scores: [0.6191201763004297, 0.6511304368004076, 0.7117764070424994, 0.7332587530484143, 0.7444918625399628, 0.7524420905931006, 0.7570569089305961, 0.7609681991959742, 0.7628866439423714, 0.7640449400672815, 0.7654829387317099, 0.7665856988667672, 0.7673117873174355, 0.7679520652385685, 0.7685220333746905, 0.7694133201118041, 0.7704442440928922, 0.7708670152715054, 0.7714798894906878, 0.7718042707190003, 0.7721606144919506, 0.7722359957161913, 0.7725254243751445, 0.7726058366171205, 0.7725702789407254, 0.7726255440442853, 0.7727798746869246, 0.7795531392006523, 0.7825132855398493, 0.7830440886132051, 0.7839163916190095, 0.7840213864524443]
accuracy: [0.42112872468469703, 0.3551770116912098, 0.4206218352351609, 0.46036612887238715, 0.4853289190162142, 0.502879359044159, 0.5150234932225539, 0.5240663205395475, 0.5301964359457332, 0.5350089617800221, 0.5389242073519145, 0.5420639912430263, 0.544448948300654, 0.546514171648063, 0.5483449752929668, 0.5498789527780862, 0.5513103276150116, 0.5522845744115145, 0.5533785501175115, 0.5543128548230418, 0.5550524996490384, 0.5556848187401361, 0.5563547353120191, 0.5567951784162801, 0.5571381845342117, 0.5574502095636789, 0.5577551659943338, 0.5610174543963538, 0.5627209389571037, 0.5634701269964097, 0.5639483585800501, 0.5641195011712625]
alc_mean: 0.7759775190811447
alc_var: 0.000103570702449585
nauc_var: 8.411680585354849e-05
nauc_mean: 0.7856028862456268
alc_std: 0.01017696921728591
nauc_std: 0.00917152145794516
