score: 0.7531543440455782
Duration: 53.57206630706787
timestamps: [13.079116344451904, 16.152080297470093, 19.312223434448242, 22.345153331756592, 25.566221714019775, 28.87253761291504, 32.68311882019043, 37.13340353965759, 42.90239953994751, 51.848509550094604, 53.57206630706787]
nauc_scores: [-0.027155634079581326, -0.022166878479056074, 0.01281633313298336, 0.04538590616163307, 0.001632819940521113, 0.1943707823977574, -0.058103482435509446, 0.2386142800527693, 0.6678817972091571, 0.9158157800068842, 0.9158157800068842]
accuracy: [0.5024546365128886, 0.5123172042465004, 0.5177156242805744, 0.48624877444074394, 0.5707437744447706, 0.5231121420230815, 0.5740882016479427, 0.5351714093516763, 0.6230239291457184, 0.8463129858351901, 0.8463129858351901]
nauc_var: 1.10130128435891e-05
nauc_std: 0.003318585970498444
nauc_mean: 0.9165166557961053
alc_mean: 0.7511161599351039
alc_std: 0.0020149295169463533
alc_var: 4.059940958261665e-06
