score: 0.8416594984358974
Duration: 511.49279141426086
timestamps: [30.899579524993896, 35.42537593841553, 43.658955812454224, 78.27847075462341, 90.04216456413269, 92.25735068321228, 102.83678030967712, 104.98295593261719, 115.61412334442139, 117.69848918914795, 128.20138669013977, 130.21571445465088, 140.7147719860077, 158.7585804462433, 164.6050021648407, 170.02299165725708, 199.99725437164307, 204.84590315818787, 209.6091296672821, 214.36346006393433, 243.65236377716064, 248.25707411766052, 252.76424956321716, 257.4675407409668, 286.64690232276917, 291.0819778442383, 295.51870131492615, 300.0331952571869, 329.02829575538635, 333.47999835014343, 337.94239592552185, 342.3791756629944, 371.69681096076965, 376.21143555641174, 380.6138632297516, 385.05432534217834, 414.36129236221313, 418.79043102264404, 423.2984776496887, 427.67433762550354, 457.21624875068665, 486.82340931892395, 511.49279141426086]
nauc_scores: [0.5090095153868066, 0.8247507760465409, 0.9082423485606679, 0.9983362430980287, 0.9984314352381591, 0.9984314352381591, 0.998518296333021, 0.998518296333021, 0.9986293254117553, 0.998673518352923, 0.9986739122202102, 0.9986779110063737, 0.9987592291534642, 0.9988061287191323, 0.9988277199926587, 0.9988449244910784, 0.9990791152309588, 0.9991068254781452, 0.9991274987981571, 0.9991385178243659, 0.9993425249632271, 0.9993934176765529, 0.9994214245108428, 0.9994371967742475, 0.9994468042077236, 0.999438295771278, 0.9994151015822585, 0.9993812941007811, 0.9993256769545307, 0.999321926335835, 0.999299441532812, 0.9992803843933376, 0.9992258511629268, 0.9992053505603147, 0.9991752987166693, 0.9991412352629978, 0.9992148661379059, 0.9992633497250982, 0.9993073755643131, 0.9993465883889407, 0.999371158489063, 0.9994385163902701, 0.9994385163902701]
accuracy: [0.05402896844089405, 0.14716390553893446, 0.36351386813312214, 0.8789550150953642, 0.8928916760275891, 0.8928916760275891, 0.8936270311417133, 0.8936270311417133, 0.896943572132355, 0.8980490859318677, 0.897280012990323, 0.8968185681399603, 0.8973284677323499, 0.8965117539461985, 0.8956950381719124, 0.8959357869500459, 0.899157482404316, 0.9021384278543081, 0.9051193733186431, 0.9081003231146177, 0.9125423325423688, 0.9140033953535285, 0.9154644584170726, 0.9169255240262957, 0.9180941988462895, 0.9178018116173482, 0.9175094212377757, 0.9172170319914683, 0.9183596762828008, 0.9197947079752484, 0.9212297392526827, 0.9226647733030682, 0.9239800241467707, 0.9238602412274459, 0.9237404594335946, 0.9236206761617293, 0.9240609174985799, 0.9246209410654347, 0.9251809578985459, 0.9257409795745396, 0.9259268057743406, 0.9271687848205975, 0.9271687848205975]
nauc_var: 6.323855049692474e-08
nauc_mean: 0.9995074393319305
alc_var: 6.182817969505187e-07
alc_std: 0.0007863089704120885
alc_mean: 0.841697611684749
nauc_std: 0.0002514727629325386
