score: 0.5848617697593704
Duration: 930.0520284175873
timestamps: [83.76878046989441, 165.9589500427246, 245.13268542289734, 330.136191368103, 418.4900417327881, 505.3305389881134, 595.687780380249, 689.9838180541992, 800.3821897506714, 930.0520284175873]
nauc_scores: [0.6172116145837094, 0.678454643491613, 0.7621788468621784, 0.845851967602611, 0.8946402846580284, 0.9609869768260946, 0.9796874920876111, 0.9869250379776073, 0.9909384605974061, 0.9945908481447241]
accuracy: [0.5088768971968793, 0.5651427828220524, 0.6474163923805965, 0.7333169493173557, 0.7934444360539514, 0.8327808477002897, 0.8723794261795211, 0.9038939287674674, 0.9291212102341905, 0.9453562319959754]
nauc_std: 0.00015687423143684055
alc_std: 0.000937717122459581
alc_mean: 0.5848997806293542
nauc_var: 2.4609524488899407e-08
alc_var: 8.793134017538768e-07
nauc_mean: 0.9946437337946966
