score: 0.030917311624245228
Duration: 139.4160578250885
timestamps: [39.57254886627197, 46.39124941825867, 53.019943714141846, 59.72214674949646, 66.41043829917908, 73.10569787025452, 79.96628499031067, 87.23129677772522, 94.99909615516663, 103.62031936645508, 115.84599256515503, 132.60821342468262, 139.4160578250885]
nauc_scores: [-0.0020502619100899455, -0.0006922376147948661, -0.005424352692947276, -0.0020141636361593607, -0.0010033219007795635, 0.002425080132788082, 0.003354895258898205, 0.00820748591250986, 0.01005067829183015, -0.007868023987690709, -0.01060800552323582, 0.04758758869377733, 0.050666331471945325]
accuracy: [0.27878528420609155, 0.3201554188478977, 0.32576277936036013, 0.2551267154166922, 0.36895615951762983, 0.3718428558910972, 0.36233036125354773, 0.2244721531256551, 0.2751239339342444, 0.2611965054460559, 0.2810252596906272, 0.2910790729222477, 0.2910870717994417]
alc_std: 0.0018171628918618563
alc_var: 3.302080975559744e-06
alc_mean: 0.031105387780766037
nauc_std: 0.0034766470086459687
nauc_mean: 0.05011473558312749
nauc_var: 1.2087074422726963e-05
