score: 0.8514568378452877
Duration: 1013.3653132915497
timestamps: [6.09610652923584, 10.283622026443481, 16.278498888015747, 21.32513999938965, 26.384240865707397, 31.614638328552246, 38.72606539726257, 48.80537676811218, 61.056174755096436, 75.9864912033081, 92.14265966415405, 109.52858018875122, 130.0771291255951, 153.71596145629883, 195.16290950775146, 221.3796796798706, 255.18219375610352, 321.6058268547058, 356.0217914581299, 622.5430560112, 789.4969916343689, 1013.3653132915497]
nauc_scores: [0.32621543251435914, 0.5108472377629882, 0.6652826626600525, 0.7338908441995868, 0.76036392482165, 0.7967725346249313, 0.8091150812182446, 0.8400669515828725, 0.8627100099578819, 0.8734158479034526, 0.8920388103818773, 0.9005661963745748, 0.907535006883416, 0.9147052092392642, 0.92054330191191, 0.9278532944776532, 0.934515292947298, 0.9405301509872743, 0.9441783305655014, 0.9473385264970613, 0.9497469461091381, 0.9505677893363216]
accuracy: [0.007249117915035245, 0.01509463800804551, 0.020430398653829156, 0.023437165390622156, 0.028327770830121175, 0.03156655982543467, 0.04001451685167252, 0.04906132266952789, 0.07147994808034615, 0.10443312985364951, 0.085760206579566, 0.1048610900588096, 0.12732050404028783, 0.14686064209683727, 0.16564523260655625, 0.19186289618298996, 0.2188173798329086, 0.24705080713486696, 0.27283837422849944, 0.30248079938451716, 0.32596699889437014, 0.3462518543772324]
nauc_mean: 0.95061147867836
alc_std: 0.0012176633776854516
nauc_var: 1.8544763557244265e-06
nauc_std: 0.0013617915977580514
alc_mean: 0.8507657394063288
alc_var: 1.4827041013563427e-06
