score: 0.6229664431316301
Duration: 194.3765823841095
timestamps: [75.48375082015991, 96.11572360992432, 115.82038855552673, 135.57463598251343, 155.46604442596436, 174.80732703208923, 194.3765823841095]
nauc_scores: [0.23697544628458012, 0.8289161047774847, 0.8857428693597542, 0.8936475184687505, 0.8974686133026801, 0.8966686191063615, 0.8966686191063615]
accuracy: [0.11425176639616506, 0.36657080520778074, 0.499345048911969, 0.5077771444952157, 0.543385285906155, 0.554893939122746, 0.554893939122746]
alc_std: 0.001237025740562586
nauc_mean: 0.8965832359035879
nauc_std: 0.001715895574957895
alc_var: 1.530232682814414e-06
alc_mean: 0.6227921309998348
nauc_var: 2.944297624160085e-06
