score: 0.00010179491625990616
Duration: 268.4800353050232
timestamps: [50.833786964416504, 61.85406756401062, 73.15653967857361, 85.41531181335449, 99.58375573158264, 117.79306983947754, 144.76811265945435, 186.21490216255188, 258.92880177497864, 268.4800353050232]
nauc_scores: [-0.007806158925101392, -0.011192768190169344, -0.013657652996028169, -0.012719970690909022, -0.02033545528063052, -0.016301553681945413, -0.019457964338946754, -0.003489760427864086, 0.014032075540176159, 0.00967257367207397]
accuracy: [0.05074449108981513, 0.05028676079977683, 0.04949187614591857, 0.0493001667210837, 0.04942226569697658, 0.049913078405874826, 0.04996794579459288, 0.050230171093977295, 0.0499032005368557, 0.04989525637639882]
alc_var: 1.8102920296907258e-05
alc_mean: 0.00020692251420102517
nauc_var: 4.182730755492509e-05
alc_std: 0.004254752671649347
nauc_std: 0.006467403463131482
nauc_mean: 0.008758021788159986
