score: 0.7299041455829944
Duration: 339.70960545539856
timestamps: [25.27611994743347, 27.96895456314087, 30.785502195358276, 34.517699003219604, 38.43668031692505, 42.73233771324158, 62.972620725631714, 90.75751113891602, 97.58463215827942, 110.93060421943665, 140.56287622451782, 154.9791784286499, 187.67236185073853, 206.39337491989136, 247.7763946056366, 339.70960545539856]
nauc_scores: [0.14220909385330938, 0.1277012016565211, 0.32669747017281336, 0.49789303716506317, 0.6035146776534166, 0.6789883432308406, 0.7642626345677008, 0.8274547603259723, 0.8375011953182123, 0.8618050446199064, 0.8715261853474621, 0.8768989139950267, 0.88356767028185, 0.8883731081435058, 0.8910461585864227, 0.8919784762512646]
accuracy: [0.016208956326752146, 0.02521365981894995, 0.04299686783694007, 0.0822519026585689, 0.11714915895087459, 0.13998779573695525, 0.18338716686345652, 0.250533509840206, 0.2626781902692968, 0.29529817868237046, 0.315669181251678, 0.32565668709548545, 0.3534105426410393, 0.36355556224325747, 0.37678339759825474, 0.38439841605656117]
nauc_std: 0.0019969883460338113
alc_var: 2.2018143847807884e-05
alc_std: 0.004692349501881535
nauc_var: 3.987962454194857e-06
alc_mean: 0.7274387479358111
nauc_mean: 0.8917105114692401
