score: 0.976869137223136
Duration: 21.846479415893555
timestamps: [2.8399038314819336, 4.1227922439575195, 8.300739049911499, 13.685770988464355, 21.846479415893555]
nauc_scores: [0.5228450368085535, 0.8007384045710209, 0.9941992269430397, 0.9979535253737917, 0.9995241804233181]
accuracy: [0.5791222249841462, 0.66261797028951, 0.9329455988366337, 0.9726733853716504, 0.9784635802386945]
nauc_std: 0.00016400299187820176
nauc_mean: 0.9995941296272226
alc_mean: 0.9769186176377911
nauc_var: 2.6896981345001512e-08
alc_std: 0.0002986790590965336
alc_var: 8.920918034279061e-08
