score: 0.8873284756282971
Duration: 12.0573890209198
timestamps: [4.3694233894348145, 6.096613168716431, 9.485150814056396, 12.0573890209198]
nauc_scores: [0.7021168108550717, 0.8568546127681116, 0.9080589679748601, 0.9111098779387801]
alc_mean: 0.8917236353612965
nauc_var: 0.00044252431594674773
nauc_std: 0.02103626192902978
nauc_mean: 0.9081703224250681
alc_std: 0.010131802980756404
alc_var: 0.00010265343164086434
