score: -0.0002804002533790731
Duration: 1025.0665318965912
timestamps: [256.73752880096436, 513.0317897796631, 769.1203198432922, 1025.0665318965912]
nauc_scores: [-0.0006329713664637859, -0.0006288651658303834, -0.0006203196645494513, -0.000529959099511923]
accuracy: [0.0408753273973163, 0.044535038419742976, 0.052560876656268816, 0.056886419091193755]
nauc_std: 0.00016231334307458562
nauc_var: 2.6345621340048134e-08
nauc_mean: -0.0005578363881689086
alc_var: 8.959152414433602e-10
alc_mean: -0.00030619461789875514
alc_std: 2.993184326838827e-05
