score: 0.7565299684805034
Duration: 44.07538056373596
timestamps: [2.6696550846099854, 10.646692752838135, 12.047305822372437, 13.38294005393982, 14.67629623413086, 15.969379901885986, 17.222267866134644, 26.19146752357483, 44.07538056373596]
nauc_scores: [0.7039629444043491, 0.7064439956758166, 0.7124697060469565, 0.7157558527782326, 0.7218510921746215, 0.7233012123074856, 0.7265626350608307, 0.7350338091905306, 0.7766690546001054]
accuracy: [0.41703809468263453, 0.4162291090299456, 0.4228891201859, 0.42699367770095903, 0.43043650750931384, 0.42515918401096703, 0.43271003472667013, 0.439639851323208, 0.5592019006227972]
alc_std: 0.0067895057799816855
alc_mean: 0.7477426826522983
nauc_mean: 0.7744474743212775
nauc_var: 6.667566526206352e-05
nauc_std: 0.008165516839861608
alc_var: 4.6097388736404716e-05
