score: 0.674162592905808
Duration: 67.22920513153076
timestamps: [49.58589315414429, 60.07563591003418, 61.295857667922974, 62.41827344894409, 63.648601055145264, 64.84222912788391, 65.9848039150238, 67.22920513153076]
nauc_scores: [0.8404463798567892, 0.8404463798567892, 0.8404463798567892, 0.8404463798567892, 0.8404463798567892, 0.8404463798567892, 0.8404463798567892, 0.8404463798567892]
accuracy: [0.9757330398030363, 0.9757330398030363, 0.9757330398030363, 0.9757330398030363, 0.9757330398030363, 0.9757330398030363, 0.9757330398030363, 0.9757330398030363]
alc_std: 0.01759597449224589
nauc_std: 0.033381142132040034
alc_mean: 0.669765722660492
nauc_var: 0.0011143006500394582
alc_var: 0.000309618318331768
nauc_mean: 0.8528779401627148
