score: 0.8671439124256297
Duration: 313.7936120033264
timestamps: [14.269680976867676, 17.757667541503906, 27.281161785125732, 36.97332429885864, 48.71725392341614, 62.212119340896606, 77.56523966789246, 96.07134938240051, 117.152108669281, 142.65516781806946, 167.06559467315674, 195.62962555885315, 245.12735629081726, 313.7936120033264]
nauc_scores: [0.6502093581007853, 0.6900408591533331, 0.8311655885705318, 0.8495271196537066, 0.8910041944041822, 0.8943949158343778, 0.9097357783755886, 0.9365561007497543, 0.9484282363030487, 0.9425260995055573, 0.9456008343792583, 0.9642392045985047, 0.9728579787148532, 0.9770885738252997]
accuracy: [0.520351648156432, 0.6287424208009841, 0.7211857222860166, 0.7035714636328437, 0.7483294401613168, 0.7288509162869217, 0.7756650718343358, 0.7990507998985471, 0.8136737806943198, 0.7960271430474062, 0.8193763048402315, 0.8633677513887533, 0.873571872263522, 0.9000850170924476]
nauc_mean: 0.9768099623166695
alc_var: 2.912826912955507e-06
alc_std: 0.001706700592651068
nauc_var: 8.263923139513033e-07
alc_mean: 0.8658876919096976
nauc_std: 0.0009090612267340981
