score: 0.893132889450929
Duration: 270.6679470539093
timestamps: [11.751296997070312, 16.708693027496338, 26.59414315223694, 35.55262780189514, 52.12697625160217, 63.501821994781494, 76.18083906173706, 95.20967078208923, 111.31371879577637, 140.8131422996521, 158.1980893611908, 177.19460678100586, 184.77217984199524, 197.59765791893005, 210.28511214256287, 226.98924946784973, 243.71216487884521, 254.23740148544312, 260.3071484565735, 266.52962851524353, 270.6679470539093]
nauc_scores: [0.5053452094881843, 0.4826559623905051, 0.8678564405170592, 0.9643698257845414, 0.9669368821428788, 0.9777604839517626, 0.9819077825426534, 0.9801196044703457, 0.9799619780981408, 0.984670187745661, 0.9768423178761219, 0.9809492958160468, 0.9850481547925503, 0.9849054489111997, 0.981173198459879, 0.9830570977684809, 0.9889003606717852, 0.9901378748027208, 0.9906541059087646, 0.9918382238421195, 0.9918382238421195]
accuracy: [0.2068589485262261, 0.1949890025448225, 0.3217680953121162, 0.33854500629539774, 0.3520069486157076, 0.4501970645728012, 0.4872450443800677, 0.4556048207367385, 0.456878471008942, 0.49305442858368276, 0.45408672460714455, 0.46150458734585525, 0.5041141879947334, 0.4862274027778064, 0.4558553899432072, 0.48212719223112854, 0.520578126803217, 0.5654382488390527, 0.5875832196361201, 0.6322378937542458, 0.6322378937542458]
nauc_var: 1.2047272713586473e-07
nauc_std: 0.00034709181369756435
alc_var: 1.8106409088421086e-07
alc_std: 0.00042551626394793753
nauc_mean: 0.991800371273998
alc_mean: 0.8937862056747783
