score: 0.9039213766987282
Duration: 218.9602015018463
timestamps: [9.340481042861938, 10.76211404800415, 13.482959032058716, 15.272112607955933, 17.0636043548584, 18.751346588134766, 24.15010094642639, 31.763095378875732, 38.88134050369263, 48.642334938049316, 73.0999641418457, 94.03711223602295, 114.20620679855347, 186.74715852737427, 210.89268398284912, 218.9602015018463]
nauc_scores: [0.34634387150182744, 0.38473334390315217, 0.5208314072979685, 0.5644995252549982, 0.6051014923981977, 0.6772078926903109, 0.8271018301051491, 0.9615081564429191, 0.9739421689179302, 0.9650332825259684, 0.9759436469056533, 0.9794076562508922, 0.9814783566112018, 0.9838353581099613, 0.9867002546958668, 0.9881800587389216]
accuracy: [0.11578594146110677, 0.1503492355886326, 0.18781348998770148, 0.21552062701077793, 0.22224389530517125, 0.24306161088166112, 0.30151798775395844, 0.4155073092415305, 0.496728194790832, 0.4470459580700469, 0.44267329855723536, 0.49517042812398154, 0.51613313947018, 0.546863444681137, 0.5928499684235626, 0.6330440888362552]
alc_std: 0.00034744820414227485
nauc_var: 1.3645786617899686e-07
nauc_mean: 0.9881307616610664
alc_mean: 0.9042076951781353
nauc_std: 0.0003694020386773696
alc_var: 1.207202545616919e-07
