score: 0.26991444546568627
Duration: 998.1155219078064
timestamps: [45.37397527694702, 74.33853363990784, 103.77792096138, 137.73567724227905, 186.8335325717926, 260.469092130661, 384.55785512924194, 596.2654707431793, 998.1155219078064]
nauc_scores: [-0.0020785915848451353, 0.023851645784593423, 0.06855355646181027, 0.13949815082312633, 0.2860462005309512, 0.41898067478551915, 0.5158854400686259, 0.5551853651493719, 0.5482985845565276]
nauc_mean: 0.5661284658461228
alc_mean: 0.2719055269854782
alc_var: 0.00020608391261624204
nauc_std: 0.022434366596343354
alc_std: 0.01435562303128088
nauc_var: 0.0005033008045791264
