score: 0.8393976791561384
Duration: 608.9598004817963
timestamps: [8.89847207069397, 10.930344343185425, 14.421584367752075, 20.58548641204834, 34.1542763710022, 56.81642031669617, 84.28206849098206, 121.83436584472656, 281.43956303596497, 608.9598004817963]
nauc_scores: [0.33794214187248506, 0.49746391494443887, 0.5906689682380131, 0.7481936848961603, 0.8235073827308805, 0.8662389642215726, 0.9032222935732235, 0.9170800431887665, 0.9257316123256163, 0.9295086610362344]
nauc_var: 2.4351676850683123e-06
alc_mean: 0.8393728618202514
alc_std: 0.0009020972606992334
nauc_std: 0.0015605023822693486
alc_var: 8.137794677610607e-07
nauc_mean: 0.9290450812474779
