score: 0.13488234688213793
Duration: 9.94187307357788
timestamps: [5.664977073669434, 9.09956169128418, 9.94187307357788]
nauc_scores: [0.02265459766581457, 0.14104457490416578, 0.14104457490416578]
nauc_mean: 0.15883781793024843
nauc_std: 0.055430212984501785
alc_mean: 0.15462694451008896
alc_std: 0.05222879453878722
nauc_var: 0.00307250851150723
alc_var: 0.0027278469789748495
