score: 0.963657685496524
Duration: 178.20548915863037
timestamps: [3.391371011734009, 5.427066802978516, 9.920932531356812, 16.705745220184326, 25.311768293380737, 34.450950622558594, 43.31451106071472, 49.90885043144226, 57.071887731552124, 64.06123161315918, 67.0390408039093, 68.16747689247131, 69.32442235946655, 70.90711760520935, 84.10083651542664, 89.85824799537659, 97.58034992218018, 106.5272843837738, 119.11259627342224, 133.4711229801178, 149.71687245368958, 160.71745777130127, 164.61587643623352, 168.47334098815918, 172.4270670413971, 176.3432424068451, 178.20548915863037]
nauc_scores: [0.3329280945836679, 0.7738579232981646, 0.8797304584227474, 0.9760216716492804, 0.9940532625117184, 0.9951217265497849, 0.9952896642278928, 0.9972293857351275, 0.9984345352864106, 0.9984872316893825, 0.9982729114369018, 0.9983239184565491, 0.9985415006783029, 0.9984637877620273, 0.9970643737897096, 0.9971397342874411, 0.9969681446956404, 0.9967396328483833, 0.99652685830668, 0.9974673913015488, 0.9976127187622275, 0.9982017146033477, 0.9987337566741747, 0.9986725030550263, 0.9986020151646839, 0.9983998556306262, 0.9983998556306262]
accuracy: [0.5708840966207495, 0.6485700192969541, 0.7475549977801178, 0.8076314658926262, 0.8930044188570362, 0.9146407051759208, 0.9335102921041653, 0.9513383340832251, 0.9693743826679463, 0.9702415455093749, 0.9662635848528186, 0.9659597442244885, 0.9696314183927626, 0.9704068821850341, 0.9315602593854687, 0.9035206900138611, 0.9114679129661561, 0.9261607263234688, 0.9328367889470891, 0.9472088872599971, 0.9455972527070312, 0.9524927214147786, 0.9691247230953196, 0.9685829193704355, 0.9685403827825381, 0.968497845586289, 0.968497845586289]
nauc_std: 0.00021104840992249466
alc_var: 9.256138729993511e-08
nauc_var: 4.4541431330813346e-08
alc_mean: 0.9637496970621797
alc_std: 0.00030423902987607474
nauc_mean: 0.9982900095975635
