score: -0.026022544771026633
Duration: 132.6537163257599
timestamps: [46.76234555244446, 62.505751848220825, 85.36218404769897, 124.82667756080627, 132.6537163257599]
nauc_scores: [0.01045136927393453, -0.025552068435466202, -0.02786048157688914, -0.01619625156245663, -0.03670397834220873]
accuracy: [0.013164113562110308, 0.013077302121645555, 0.013112735009019032, 0.013174245959000365, 0.013155852714373535]
alc_std: 0.010913394712357496
alc_var: 0.00011910218414771254
nauc_mean: -0.03743087530841403
nauc_std: 0.021099611885587212
alc_mean: -0.026797312480749978
nauc_var: 0.0004451936217224131
