score: 0.47481407983650803
Duration: 1012.2616591453552
timestamps: [12.844868421554565, 16.546694040298462, 23.74602484703064, 32.25197887420654, 41.26188826560974, 50.51505136489868, 65.73532676696777, 81.43595480918884, 97.8488929271698, 114.95805263519287, 148.18986082077026, 172.20283007621765, 198.36821293830872, 227.2710144519806, 256.2353596687317, 289.3958156108856, 361.73139905929565, 429.7015676498413, 588.3487331867218, 629.5696585178375, 713.5953705310822, 777.6165728569031, 1012.2616591453552]
nauc_scores: [0.2721045763059926, 0.29631820461729386, 0.2691241608579913, 0.3334441670713575, 0.4005226530222872, 0.3557030879155443, 0.44782904358914255, 0.4602413546306625, 0.4671947818836546, 0.5015766736688538, 0.5106242059286343, 0.49359976142440143, 0.508467168284015, 0.5515074286065829, 0.5554800826222899, 0.5656764397508809, 0.5953269695839722, 0.5970232015942536, 0.5944121509700275, 0.5950331520531702, 0.5946503783042303, 0.5951084364530563, 0.5945273587193343]
alc_std: 0.0056061316732173745
nauc_var: 0.00015743568534715073
nauc_mean: 0.5892322676418473
alc_mean: 0.4791855427571554
alc_var: 3.142871233745104e-05
nauc_std: 0.012547337779272173
