score: 0.7063756444900159
Duration: 1006.9186291694641
timestamps: [15.158604383468628, 19.177497386932373, 26.984906435012817, 37.17270827293396, 47.368802547454834, 60.05652737617493, 75.3391535282135, 94.4380362033844, 113.10662364959717, 133.88412642478943, 157.95225405693054, 190.73095750808716, 223.02510142326355, 254.0261664390564, 289.7085003852844, 330.0312612056732, 409.9464249610901, 449.4038393497467, 566.8404712677002, 610.0429003238678, 674.454448223114, 744.4921782016754, 847.0790908336639, 941.4990222454071, 1006.9186291694641]
nauc_scores: [0.08484712091749902, 0.2681707919406584, 0.4406808443498895, 0.5909192666992851, 0.6301557991671474, 0.6675974738698063, 0.7143022350123911, 0.7551438633911516, 0.7683598548206187, 0.7854973221490458, 0.7977705136752995, 0.8086744739205542, 0.824975868678046, 0.8222949902977092, 0.8486641081103219, 0.8492063398920275, 0.8542101108765547, 0.8706845030824781, 0.8716878367531824, 0.8815672433668602, 0.8868070510842383, 0.8884998525992998, 0.8902618401864988, 0.8899710506698786, 0.8899710506698786]
accuracy: [0.05372057843013751, 0.06769761354207131, 0.09128797273904712, 0.11690078333567294, 0.1368091513941547, 0.16663909604007784, 0.20473925131822673, 0.24421507048556698, 0.2630282869408469, 0.2981203313007072, 0.31337194152018155, 0.34615729587306754, 0.36723074968257097, 0.36817071912075844, 0.42247770686268477, 0.43896991639540806, 0.46643328924095945, 0.4987040219269053, 0.5393407244320665, 0.5550466742040122, 0.5763852035835803, 0.5879443212365839, 0.5983546544341151, 0.5983206115557157, 0.5983206115557157]
alc_std: 0.0037715710028383893
nauc_mean: 0.8876706772089079
alc_var: 1.4224747829451372e-05
alc_mean: 0.7048110090055435
nauc_var: 4.11832898259886e-05
nauc_std: 0.006417420807924987
