score: 0.8781775826497664
Duration: 465.64762902259827
timestamps: [11.672539234161377, 14.221782445907593, 18.09798502922058, 24.573114156723022, 37.350412130355835, 57.044912338256836, 171.8682324886322, 465.64762902259827]
nauc_scores: [0.7592839081404545, 0.8328602118740094, 0.8113069276430447, 0.8840229480161454, 0.916651638121424, 0.9453502012683375, 0.9517633978888203, 0.9397606954273785]
accuracy: [0.7104932555569877, 0.7937901967174841, 0.7747373662427584, 0.8135370619343316, 0.8368091882937869, 0.8708752792448827, 0.8804871536503778, 0.8652138594664918]
nauc_std: 0.0012611044117092037
alc_std: 0.0009310130574253342
nauc_mean: 0.939802619219958
alc_var: 8.667853130964687e-07
alc_mean: 0.8773217548501187
nauc_var: 1.590384337232417e-06
