score: 0.42661680007889863
Duration: 810.4452624320984
timestamps: [29.72346043586731, 56.83648729324341, 83.0098237991333, 109.8922393321991, 137.69497728347778, 167.46271419525146, 200.90847277641296, 242.73528218269348, 299.51618456840515, 387.5506811141968, 536.9218347072601, 810.4452624320984]
nauc_scores: [-0.010540103895507635, -0.008398227390486013, -0.0032189559464749218, 0.00943988480625424, 0.04146062719826693, 0.11670059777076602, 0.27317733165917124, 0.5245377948734129, 0.7631305789805845, 0.9031381380027355, 0.9563925848448414, 0.9782529950162067]
accuracy: [0.0039549917469557635, 0.003971630907552359, 0.004029231698599687, 0.004247158487979933, 0.005134782750361042, 0.007717756180706308, 0.008473244204253348, 0.012776297515248966, 0.027746324777468995, 0.06518843882171134, 0.15200781464852825, 0.2893146222865856]
alc_mean: 0.4273478748360608
alc_std: 0.0012361693509900674
nauc_var: 5.48618561172971e-07
nauc_std: 0.0007406878972772345
alc_var: 1.5281146643272045e-06
nauc_mean: 0.9782961195132416
