score: 0.7775058801719186
Duration: 96.16304230690002
timestamps: [42.43135976791382, 57.36221790313721, 63.82270359992981, 70.30863571166992, 76.77758836746216, 83.15074634552002, 89.59846496582031, 96.16304230690002]
nauc_scores: [0.06737777777777776, 0.9698070555555556, 0.9848804333333334, 0.9908491888888888, 0.9927917333333334, 0.9936970000000003, 0.9942761888888889, 0.9942761888888889]
accuracy: [0.10628537958882421, 0.7296836666805677, 0.8234901727513414, 0.8756081655672479, 0.8950279987625521, 0.900365605587068, 0.9106278011907958, 0.9106278011907958]
nauc_var: 1.073177910432748e-07
alc_mean: 0.7775663930299024
alc_var: 8.159761783603011e-08
alc_std: 0.0002856529674903275
nauc_std: 0.0003275939423177339
nauc_mean: 0.9942799997154108
