score: 0.4558518136608352
Duration: 1063.4895169734955
timestamps: [74.11354804039001, 124.02625250816345, 181.0869653224945, 249.24010300636292, 338.8432695865631, 468.27552676200867, 688.431346654892, 1063.4895169734955]
nauc_scores: [0.3379967540946849, 0.39041749045700924, 0.46610989754381316, 0.5716853067118286, 0.7004491636570178, 0.7930732505103686, 0.8413425927985061, 0.8638212852294762]
accuracy: [0.15861182784180755, 0.1781554122814863, 0.20579790792962846, 0.23583112692683722, 0.291709430410576, 0.3880493430238472, 0.4728841404665618, 0.5401708247081756]
alc_var: 9.059750067706154e-05
nauc_var: 0.00016369021646136234
alc_mean: 0.4568595546824678
alc_std: 0.009518271937545257
nauc_std: 0.012794147742673692
nauc_mean: 0.8646055109623196
