score: 0.5603497004169177
Duration: 282.32708954811096
timestamps: [95.41858839988708, 105.48729729652405, 114.18537592887878, 122.71639156341553, 131.56192111968994, 140.83934998512268, 150.80243468284607, 165.38819408416748, 187.79652905464172, 217.7954421043396, 272.98548460006714, 282.32708954811096]
nauc_scores: [0.06306935072657538, 0.29772738539547383, 0.3608326892618081, 0.4672814830125498, 0.6730586260701192, 0.6921122184290287, 0.7571219702087497, 0.8096965984592002, 0.8176007104094332, 0.886580044397203, 0.902191830651148, 0.902191830651148]
accuracy: [0.3539130800654454, 0.48397104352443027, 0.5077024893987176, 0.5737990014011591, 0.5626910030202529, 0.6618875596442695, 0.6912587437797725, 0.7001682931929989, 0.7392428315077098, 0.7093834303387152, 0.7626764694047109, 0.7626764694047109]
nauc_std: 0.0008389409474386466
alc_var: 1.3693423400377144e-06
nauc_var: 7.038219132892539e-07
alc_std: 0.001170189018935708
nauc_mean: 0.9025079792673353
alc_mean: 0.5600221785101882
