score: 0.8832425996525088
Duration: 831.2799646854401
timestamps: [13.981575965881348, 25.69677233695984, 37.33685493469238, 50.78035831451416, 73.86005640029907, 99.39729809761047, 143.96430706977844, 189.5258333683014, 375.33348870277405, 831.2799646854401]
nauc_scores: [0.783843654043137, 0.8867535913684006, 0.9095407066732273, 0.9326079381159724, 0.9287572681791965, 0.944822884562784, 0.9678656621307451, 0.9723517033489779, 0.9741851390954022, 0.9741851390954022]
accuracy: [0.729631127850916, 0.8000841620385126, 0.8034877433929707, 0.8601114131671218, 0.8499064107952676, 0.855342199871304, 0.908268813047698, 0.913503121908078, 0.9172586343689052, 0.9172586343689052]
alc_mean: 0.883755410916487
alc_std: 0.0014104624539657132
nauc_std: 0.001454797429156568
alc_var: 1.9894043340469818e-06
nauc_mean: 0.9740985501740035
nauc_var: 2.1164355598805595e-06
