score: 0.5096755277338911
Duration: 1014.1429150104523
timestamps: [16.638824462890625, 19.848568201065063, 28.47948169708252, 35.42107915878296, 45.24333143234253, 57.02712273597717, 71.48399806022644, 84.51165294647217, 100.85388970375061, 120.03626871109009, 142.95064115524292, 169.7090711593628, 194.97733879089355, 218.6258466243744, 250.2388620376587, 279.7649495601654, 314.5833044052124, 342.70828580856323, 380.38631415367126, 501.30873680114746, 543.5203173160553, 630.8766324520111, 676.5015776157379, 717.8579249382019, 767.9420802593231, 1001.0543029308319, 1014.1429150104523]
nauc_scores: [0.005727161147614845, 0.012299726884690054, -0.014843553470102022, -0.01687278296060124, 0.012257228889049898, 0.04785187722900486, 0.16318670138938618, 0.21761091767484797, 0.2557081764581173, 0.43361813510516045, 0.48929431490928366, 0.64806302397002, 0.6863274066806881, 0.7240049640056518, 0.6706185764166264, 0.7604287766317932, 0.8081843076977866, 0.8129667198327688, 0.8190914612698887, 0.8498395002335546, 0.8385629024528249, 0.8549268143580466, 0.8552242637006917, 0.8641960688102359, 0.8679404033245892, 0.8582069310752434, 0.8676985368368162]
accuracy: [0.05016791584885079, 0.049887917605970764, 0.049773721601236776, 0.04964205503314184, 0.050409862080263906, 0.050616424009156176, 0.055322484255284084, 0.07629491489783566, 0.09068235779544731, 0.10099912314246148, 0.14234871816443592, 0.1869575248744907, 0.22328479878818722, 0.26260966728489815, 0.1985176070791255, 0.3046175585460017, 0.3529920663699299, 0.37571726249245924, 0.38974889202688984, 0.4872687919369623, 0.47905111851564214, 0.5221740397933163, 0.526031893591825, 0.5549468790258496, 0.574015318006103, 0.5765423244465393, 0.6014870467533975]
nauc_std: 0.0064730722884309665
alc_mean: 0.5122019322228686
alc_std: 0.002823459338636888
nauc_var: 4.190066485125291e-05
alc_var: 7.971922636935853e-06
nauc_mean: 0.8741284530365793
