score: 0.29403192263168115
Duration: 1014.1097943782806
timestamps: [25.608883142471313, 44.90085029602051, 65.22399377822876, 86.45764183998108, 107.6997582912445, 131.93575859069824, 158.3232889175415, 189.87726974487305, 236.73226284980774, 305.6532735824585, 418.14770770072937, 625.4901621341705, 1014.1097943782806]
nauc_scores: [0.0587582885536817, 0.06248115047059799, 0.07676979338778245, 0.12010171630420952, 0.18890744679213167, 0.24383006775109384, 0.32937588745049395, 0.379397249732772, 0.4225083742425486, 0.4403652181536373, 0.47463115919924626, 0.4885045586874792, 0.5048690786168526]
alc_var: 1.1808179103988316e-05
nauc_std: 0.0053214940657383865
nauc_mean: 0.5035408168640801
alc_mean: 0.29460661804880434
alc_std: 0.003436303115848239
nauc_var: 2.8318299091688867e-05
