score: 0.3505992167480436
Duration: 683.1635570526123
timestamps: [28.831165313720703, 89.56986451148987, 112.94114708900452, 128.29094433784485, 143.41502475738525, 157.51651883125305, 171.40922331809998, 226.35944056510925, 244.87117457389832, 260.8654742240906, 276.7929582595825, 293.80685472488403, 310.8412764072418, 325.6441526412964, 395.5189070701599, 453.00799107551575, 474.1306245326996, 495.057665348053, 514.8428704738617, 536.2805762290955, 557.6879272460938, 646.8924779891968, 665.773024559021, 683.1635570526123]
nauc_scores: [0.10963345465834617, 0.2610183980953582, 0.4417060468056131, 0.4664276820284643, 0.47077336194575925, 0.47077336194575925, 0.47077336194575925, 0.47376360148197216, 0.47376360148197216, 0.47677582887649583, 0.4855745652900034, 0.48950370014315836, 0.49105737600962973, 0.49105737600962973, 0.5038140630035861, 0.5038140630035861, 0.5038140630035861, 0.5038140630035861, 0.5038140630035861, 0.5038140630035861, 0.5038140630035861, 0.504247467377891, 0.504247467377891, 0.504247467377891]
accuracy: [0.05246645849739501, 0.04030344066020885, 0.07181165752688917, 0.10877539573877837, 0.11668775122871522, 0.11668775122871522, 0.11668775122871522, 0.1007761156898668, 0.1007761156898668, 0.12131718916222442, 0.11631431532687606, 0.11933798144501032, 0.11946329771413362, 0.11946329771413362, 0.11068278162569926, 0.11068278162569926, 0.11068278162569926, 0.11068278162569926, 0.11068278162569926, 0.11068278162569926, 0.11068278162569926, 0.1043071811494246, 0.1043071811494246, 0.1043071811494246]
