score: 0.37635452747731457
Duration: 671.6393458843231
timestamps: [8.552434206008911, 9.963330745697021, 11.570860147476196, 13.244393587112427, 16.509217500686646, 20.07102632522583, 23.06840991973877, 29.985272884368896, 38.499470233917236, 47.988606691360474, 54.44933271408081, 68.541170835495, 86.27573609352112, 104.87048006057739, 127.25441932678223, 357.37291526794434, 671.6393458843231]
nauc_scores: [0.019796115829730843, 0.0622339467589319, 0.14943351481124356, 0.15864711792293318, 0.17676884253979996, 0.21670258667958753, 0.317238490722648, 0.31685347109185336, 0.33857456709242517, 0.3775651389067425, 0.39607300345869656, 0.39770285557336815, 0.40439089104867865, 0.42470265697529186, 0.41322916192940107, 0.4336819873299167, 0.43422616198277275]
nauc_std: 0.023886874362308946
alc_std: 0.011089311846654801
alc_mean: 0.38927690400828885
nauc_mean: 0.43189282090063463
alc_var: 0.0001229728372323585
nauc_var: 0.0005705827668007323
