score: -0.009091006664160966
Duration: 132.24065732955933
timestamps: [23.391690969467163, 29.093366861343384, 34.8263418674469, 40.765342712402344, 46.97961926460266, 54.286375999450684, 62.7974374294281, 75.60519075393677, 95.28939437866211, 127.95778489112854, 132.24065732955933]
nauc_scores: [-0.03572307145399711, -0.028174906267731892, -0.051729868175041216, -0.038788200290558295, -0.02485072478463879, 0.0035796181851150966, -0.013422179926460664, -0.011778835932572451, 0.025135775566497376, -0.009765661414888216, -0.009765661414888216]
accuracy: [0.02145073843437132, 0.021188058956683336, 0.019117915882802785, 0.01738156441296988, 0.02234601894318509, 0.02423154869953253, 0.02090620071496053, 0.021444045560987626, 0.021855095098807113, 0.023524904741981264, 0.023524904741981264]
alc_mean: -0.011346523270803915
alc_var: 4.36511888865321e-06
nauc_var: 3.293934375759282e-05
alc_std: 0.0020892866937433957
nauc_mean: -0.009883217472175364
nauc_std: 0.005739280770061073
