score: 0.6529755776027425
Duration: 24.41584277153015
timestamps: [5.560941457748413, 7.149284362792969, 12.630508422851562, 18.61541771888733, 22.59490990638733, 24.41584277153015]
nauc_scores: [0.6228861474878422, 0.654653925159119, 0.5913295856092364, 0.632248707122828, 0.6799099157266848, 0.676571671146363]
accuracy: [0.5006634444589165, 0.5792624726553827, 0.5358916003537288, 0.5870790152630605, 0.5735561137912139, 0.598531818622867]
nauc_mean: 0.6797191982884264
nauc_var: 0.000200048036614258
alc_std: 0.008845971062337777
alc_var: 7.825120403571732e-05
alc_mean: 0.6577521808317643
nauc_std: 0.014143833872548773
