score: 0.788017637749168
Duration: 196.1513810157776
timestamps: [11.859668731689453, 20.0432071685791, 29.198644161224365, 37.63690757751465, 49.030237674713135, 61.71576690673828, 76.18526816368103, 92.07901573181152, 107.33369660377502, 121.7170205116272, 140.06064653396606, 160.7428798675537, 196.1513810157776]
nauc_scores: [0.328703587795633, 0.6192658219246974, 0.7150896906754387, 0.7443483848789552, 0.7859168810674098, 0.8154353660485234, 0.8379630413362118, 0.8379630413362118, 0.8624600306284185, 0.876138490600405, 0.8805944269843486, 0.8859288882622605, 0.8946886160211764]
nauc_mean: 0.8954637752725416
alc_mean: 0.7876249861361959
nauc_var: 1.0297791377208556e-05
alc_var: 2.6019964159460647e-06
nauc_std: 0.0032090171980231823
alc_std: 0.0016130704931732105
