score: 0.6625303010872237
Duration: 67.9855146408081
timestamps: [47.80687737464905, 58.327423334121704, 59.528918743133545, 60.703405141830444, 61.913997411727905, 63.09142708778381, 64.2828598022461, 65.43188309669495, 66.61293077468872, 67.9855146408081]
nauc_scores: [0.8204463730875091, 0.8204463730875091, 0.8204463730875091, 0.8204463730875091, 0.8204463730875091, 0.8204463730875091, 0.8204463730875091, 0.8204463730875091, 0.8204463730875091, 0.8204463730875091]
accuracy: [0.9672258265552791, 0.9672258265552791, 0.9672258265552791, 0.9672258265552791, 0.9672258265552791, 0.9672258265552791, 0.9672258265552791, 0.9672258265552791, 0.9672258265552791, 0.9672258265552791]
nauc_std: 0.03912207277237594
nauc_mean: 0.8191964349505831
alc_std: 0.029061118716518487
alc_var: 0.0008445486210555811
nauc_var: 0.001530536578007079
alc_mean: 0.6675249032780354
