score: 0.5906717200518254
Duration: 809.9269938468933
timestamps: [16.298293590545654, 19.486506938934326, 27.814432621002197, 34.162052154541016, 43.15944981575012, 54.77198624610901, 69.18824052810669, 81.80875992774963, 98.91575646400452, 117.55905604362488, 140.51037645339966, 164.8717257976532, 191.60415625572205, 243.1883246898651, 274.1531744003296, 306.82531690597534, 339.9731070995331, 374.00606083869934, 413.21786975860596, 454.74443554878235, 498.2139382362366, 542.3595151901245, 589.1933860778809, 638.2884871959686, 736.4412198066711, 787.9745087623596, 805.4399456977844, 809.9269938468933]
nauc_scores: [0.003982557759543814, 0.011159403864831274, 0.0027990554322854244, 0.019558430079880784, 0.1527016489836004, 0.3210550546672608, 0.4585214732759817, 0.4661049047204593, 0.5834061641365265, 0.6541774703474013, 0.6703176224239846, 0.6948110856395644, 0.7442189978583085, 0.7656963499415472, 0.7835133297575332, 0.8265262141518099, 0.8309419141358834, 0.8497770657528896, 0.8520536888580827, 0.8446624647557155, 0.8583888792227188, 0.8665731381107968, 0.863465847166984, 0.868586252131837, 0.8704148298435517, 0.8715144348540602, 0.8702084157929288, 0.8697474339821749]
accuracy: [0.05014294661065385, 0.04993327658190103, 0.05040132255841741, 0.05303847482154796, 0.06619887913992265, 0.09999100611490573, 0.13050492890070792, 0.1318402028054824, 0.17446058756285862, 0.19303580072207902, 0.23059992517301872, 0.2310521535859969, 0.28523796344116903, 0.3265822163588193, 0.3607482427812799, 0.4343884742763656, 0.44470932643578265, 0.49663283940121933, 0.5128618084809247, 0.5126229462657584, 0.5502601013828982, 0.569166756955384, 0.5651573185279749, 0.5797627517218277, 0.5975675432388466, 0.6028321105666862, 0.5957762639379424, 0.5948605958852158]
alc_var: 1.4574855919315453e-05
alc_mean: 0.5893500164501163
nauc_std: 0.0057651496328522175
alc_std: 0.0038177029637355827
nauc_mean: 0.8695254226063142
nauc_var: 3.3236950289176056e-05
