score: 0.9035761774745923
Duration: 130.92149925231934
timestamps: [3.9779210090637207, 32.99203181266785, 37.64497685432434, 42.309149980545044, 45.69950294494629, 47.81186079978943, 49.937150716781616, 52.07222390174866, 54.198124408721924, 59.20631742477417, 62.46354389190674, 64.59433507919312, 66.72689628601074, 70.3033459186554, 79.36205291748047, 82.96549034118652, 93.66863918304443, 95.82441282272339, 97.9916775226593, 100.16234588623047, 130.92149925231934]
nauc_scores: [0.8306494394879935, 0.8745155718001647, 0.8917601564275106, 0.9038263216131188, 0.9079131069180102, 0.9126323717473854, 0.9165369455060222, 0.9191742496908164, 0.9225960303902982, 0.9274620313224704, 0.9276695520027345, 0.929710669676842, 0.9313177641399144, 0.9331928794884257, 0.9364684217366217, 0.9367201623083297, 0.9397754226696473, 0.9401189088521398, 0.9396632733468939, 0.9398489684537288, 0.9408020421911796]
accuracy: [0.7558466453281575, 0.7605875668673181, 0.7914848607678994, 0.8028423628285366, 0.807160318797367, 0.8126776292398767, 0.8189049520648654, 0.8289572197101799, 0.8307092045978485, 0.8430707370731523, 0.8492046439396689, 0.8491676733322723, 0.8470451977842199, 0.8548278728213705, 0.8641872637370767, 0.8657652251584034, 0.8741248962308712, 0.8744958877813612, 0.8720092534991354, 0.8750495508596003, 0.8833387233435304]
