score: 0.4207478349385927
Duration: 620.5856099128723
timestamps: [21.567193508148193, 36.75101375579834, 51.69971060752869, 67.37115383148193, 83.65304803848267, 102.2822105884552, 123.9444751739502, 152.63817882537842, 194.92433834075928, 264.4115090370178, 388.33469581604004, 620.5856099128723]
nauc_scores: [0.04726802252857576, 0.07106896632660176, 0.1125406926315955, 0.17025970154529602, 0.25172943157628813, 0.3652549770102336, 0.4565704512965312, 0.5332876681091412, 0.5858550811038574, 0.6207487040528836, 0.6312006091429048, 0.6211125373734578]
alc_mean: 0.4696962203613211
nauc_std: 0.1094889940453593
alc_std: 0.08301652268166754
nauc_var: 0.011987839817064725
alc_var: 0.00689174303815582
nauc_mean: 0.5585536772061552
