score: 0.0004965744803281183
Duration: 112.55402135848999
timestamps: [58.11274313926697, 97.73222422599792, 112.55402135848999]
nauc_scores: [0.008836764647453199, 0.0269414605412992, -0.0017422859571402105]
accuracy: [0.062036962467200585, 0.06291329208314048, 0.062263351847903624]
alc_var: 0.0002456086753047152
nauc_var: 0.00042384815389946544
nauc_std: 0.02058757280252982
alc_std: 0.01567190720061586
nauc_mean: -0.005813624321546906
alc_mean: 0.00366795027492023
