score: 0.4044398389674058
Duration: 951.1629917621613
timestamps: [21.029183864593506, 23.969383716583252, 32.25161623954773, 42.06724834442139, 55.776989459991455, 67.44790172576904, 88.67087078094482, 120.72155737876892, 171.41700887680054, 231.05965423583984, 286.6671988964081, 328.4189109802246, 426.01366353034973, 541.7197406291962, 662.3014528751373, 790.8266320228577, 951.1629917621613]
nauc_scores: [0.07063933395321609, 0.169496269959031, 0.22685431860171845, 0.2565793670248, 0.341808673010654, 0.36454119287949904, 0.3796460682706828, 0.4021162283889623, 0.45986038613530966, 0.48741037444988944, 0.5358328289060228, 0.5536904870569781, 0.541195424037044, 0.5346544923093868, 0.5426092717994171, 0.5504746762054129, 0.555546257819209]
alc_mean: 0.4074043511633973
nauc_mean: 0.552624524475966
alc_var: 0.0004301114681748656
nauc_std: 0.030250117813682847
nauc_var: 0.0009150696277416923
alc_std: 0.02073912891552742
