score: 0.8913024159422449
Duration: 267.4542579650879
timestamps: [0.40080714225769043, 0.5362954139709473, 0.7331881523132324, 0.9794325828552246, 3.4040451049804688, 4.995198011398315, 27.13896656036377, 31.69416093826294, 79.71512651443481, 93.04358887672424, 202.50736284255981, 204.9828073978424, 215.51914525032043, 216.85989952087402, 218.22470116615295, 219.53037238121033, 220.8305630683899, 222.12727546691895, 223.41966891288757, 224.69634556770325, 226.00464248657227, 227.27150297164917, 228.63028001785278, 229.9462480545044, 231.11964583396912, 232.30155897140503, 233.49510765075684, 234.6745502948761, 235.85313320159912, 237.02457070350647, 238.21599102020264, 239.41921162605286, 240.6499948501587, 241.85769653320312, 243.03812384605408, 244.3384096622467, 245.740567445755, 247.1877760887146, 248.63676977157593, 249.92915868759155, 251.15848541259766, 252.36356329917908, 253.54285717010498, 254.72817039489746, 255.8972773551941, 257.0980153083801, 258.38240456581116, 259.7151207923889, 260.9771807193756, 262.2456603050232, 263.610524892807, 264.8858461380005, 266.173837184906, 267.4449486732483, 267.4542579650879]
nauc_scores: [0.3355072828260659, 0.626576065749683, 0.7899278881328651, 0.8372487287825576, 0.8595680070846745, 0.8803746661911034, 0.8904861034899034, 0.8904861034899034, 0.8969711796410107, 0.8969681311579358, 0.8985400052433907, 0.8985441969076189, 0.8985441969076189, 0.8985441969076189, 0.8985441969076189, 0.8985441969076189, 0.8985441969076189, 0.8985441969076189, 0.8985441969076189, 0.8985441969076189, 0.8985441969076189, 0.8985441969076189, 0.8985441969076189, 0.8985441969076189, 0.8985441969076189, 0.8985441969076189, 0.8985441969076189, 0.8985441969076189, 0.8985441969076189, 0.8985441969076189, 0.8985441969076189, 0.8985441969076189, 0.8985441969076189, 0.8985441969076189, 0.8985441969076189, 0.8985441969076189, 0.8985441969076189, 0.8985441969076189, 0.8985441969076189, 0.8985441969076189, 0.8985441969076189, 0.8985441969076189, 0.8985441969076189, 0.8985441969076189, 0.8985441969076189, 0.8985441969076189, 0.8985441969076189, 0.8985441969076189, 0.8985441969076189, 0.8985441969076189, 0.8985441969076189, 0.8985441969076189, 0.8985441969076189, 0.8985441969076189, 0.8985441969076189]
accuracy: [0.5391453086419747, 0.6131523870084116, 0.6815605398723873, 0.7021845609090392, 0.7463193455720447, 0.7682445741817865, 0.7909825509703517, 0.7909825509703517, 0.7858013225904056, 0.7857971762694702, 0.7015482520958647, 0.7014582335932535, 0.7014582335932535, 0.7014582335932535, 0.7014582335932535, 0.7014582335932535, 0.7014582335932535, 0.7014582335932535, 0.7014582335932535, 0.7014582335932535, 0.7014582335932535, 0.7014582335932535, 0.7014582335932535, 0.7014582335932535, 0.7014582335932535, 0.7014582335932535, 0.7014582335932535, 0.7014582335932535, 0.7014582335932535, 0.7014582335932535, 0.7014582335932535, 0.7014582335932535, 0.7014582335932535, 0.7014582335932535, 0.7014582335932535, 0.7014582335932535, 0.7014582335932535, 0.7014582335932535, 0.7014582335932535, 0.7014582335932535, 0.7014582335932535, 0.7014582335932535, 0.7014582335932535, 0.7014582335932535, 0.7014582335932535, 0.7014582335932535, 0.7014582335932535, 0.7014582335932535, 0.7014582335932535, 0.7014582335932535, 0.7014582335932535, 0.7014582335932535, 0.7014582335932535, 0.7014582335932535, 0.7014582335932535]
alc_mean: 0.8885686815088463
alc_var: 7.870195679157127e-06
nauc_mean: 0.8997276621161283
nauc_var: 4.838195761054541e-05
alc_std: 0.002805386903647539
nauc_std: 0.006955714025931875
