score: 0.3739826884082285
Duration: 73.18848466873169
timestamps: [21.26772451400757, 25.970319747924805, 30.90223217010498, 35.79940938949585, 41.440514087677, 48.06377983093262, 56.97569561004639, 70.03404378890991, 73.18848466873169]
nauc_scores: [-0.04898420440491458, -0.05536389404283615, -0.06230962318448796, -0.07851776537071853, -0.07116161054804215, -0.015077203565153852, 0.21396589108932762, 0.4998770725210837, 0.4998770725210837]
nauc_mean: 0.48365550728005796
nauc_var: 0.0011741650209923591
alc_var: 0.0005760892595745072
alc_std: 0.024001859502432457
alc_mean: 0.3609509745139253
nauc_std: 0.03426609141691476
