score: 0.008964695831961167
Duration: 23.10441780090332
timestamps: [7.385630130767822, 9.250859260559082, 11.174058675765991, 13.37885046005249, 15.743656873703003, 18.59275507926941, 22.3016140460968, 23.10441780090332]
nauc_scores: [-0.008142192353346123, -0.02477273145602943, 0.032917452313625084, 0.011553656643129795, 0.007633044423251301, -0.0009290327826741995, -0.00876651202520462, 0.009809409496093213]
accuracy: [0.13813023937193122, 0.13640864629531899, 0.1261860862021362, 0.09295257190012962, 0.09592451685937652, 0.06031963053478016, 0.09950522709085034, 0.11541594050879611]
alc_std: 0.013557372223537464
alc_var: 0.00018380234160754518
alc_mean: 0.008433826448624568
nauc_std: 0.01026928896898548
nauc_mean: 0.01291562608963881
nauc_var: 0.00010545829592852685
