score: 0.9837789075548766
Duration: 815.3143916130066
timestamps: [1.4354333877563477, 2.291755199432373, 3.4359006881713867, 4.816061019897461, 7.2677834033966064, 11.350559949874878, 17.780193090438843, 29.651392698287964, 52.538252115249634, 76.97192931175232, 102.94963097572327, 130.35625100135803, 159.23462629318237, 189.74097156524658, 220.94479656219482, 246.6329574584961, 815.3143916130066]
nauc_scores: [0.7108991005039134, 0.8062279151172809, 0.851013682256363, 0.8952791982404107, 0.9369953515309093, 0.9686336647022973, 0.9870112073714281, 0.99617332153497, 0.9991758154684818, 0.9992882633880622, 0.9993044397589401, 0.9993201891290577, 0.9993750505060581, 0.9993819065644651, 0.9993736833421085, 0.9988833646369966, 0.9996813187728393]
accuracy: [0.21896663855343518, 0.23908627258133572, 0.2766155635804015, 0.3466866377033543, 0.4506170007753297, 0.5894842270320391, 0.7288760307625654, 0.8406176335470419, 0.9259470756225382, 0.9264742343302673, 0.9274420801187048, 0.9268429286255955, 0.9266073334329864, 0.9271419367431258, 0.9269635488532415, 0.9019977039256399, 0.9457026449822821]
nauc_var: 6.202908155705989e-09
alc_var: 6.448504025362095e-08
nauc_mean: 0.9996558911188534
alc_mean: 0.9838076758341128
nauc_std: 7.875854338232767e-05
alc_std: 0.0002539390483041569
