score: 0.5819477744896626
Duration: 200.6288459300995
timestamps: [37.489957332611084, 43.15882158279419, 46.66327667236328, 58.77379655838013, 103.95218706130981, 151.91893434524536, 200.6288459300995]
nauc_scores: [0.41619892534787617, 0.48469594754445344, 0.6229638143501663, 0.7005050953986429, 0.7079005271088104, 0.6867032978619221, 0.7079005271088104]
accuracy: [0.26306835466523304, 0.285606737362997, 0.35321858080514223, 0.42773118666453125, 0.4865087729500727, 0.5053351915115606, 0.4865087729500727]
nauc_std: 0.0036812746002626525
alc_var: 6.3989692155757985e-06
nauc_var: 1.3551782682538953e-05
nauc_mean: 0.7070918740472758
alc_std: 0.0025296183932711665
alc_mean: 0.5836120872161124
