score: 0.01633914131034761
Duration: 6.783259630203247
timestamps: [3.3000457286834717, 4.266634941101074, 5.334910869598389, 6.437305688858032, 6.783259630203247]
nauc_scores: [-0.002265785045361346, -0.028084721917373878, 0.013815915825285519, 0.016995483672324507, 0.016995483672324507]
accuracy: [0.47654320983859544, 0.30180250130298936, 0.44906712948583666, 0.3951598362122507, 0.3951598362122507]
alc_mean: 0.011298212532715879
alc_var: 5.207413294417893e-05
nauc_std: 0.00852221568463885
nauc_mean: 0.018420163864042903
nauc_var: 7.262816017550443e-05
alc_std: 0.007216240915059511
