score: 0.812678803098433
Duration: 1014.9682364463806
timestamps: [10.004424333572388, 12.931491136550903, 19.042762756347656, 27.0179660320282, 37.78544735908508, 50.07482552528381, 63.92926073074341, 80.5453782081604, 98.38778638839722, 119.25316214561462, 140.72042846679688, 170.39682269096375, 194.73371148109436, 224.04724860191345, 347.0818769931793, 700.6413271427155, 882.5034537315369, 1014.9682364463806]
nauc_scores: [0.5046139230709557, 0.5773463879938752, 0.637755557765058, 0.7162730049085773, 0.7650233864199072, 0.802588048572169, 0.8022693098353042, 0.7586771653323028, 0.8469330429802822, 0.8589600262140868, 0.859037010695783, 0.8884566379069936, 0.902422505392622, 0.8971057375739426, 0.9318692009418115, 0.9356392325427705, 0.9299683393154494, 0.9361864144900713]
nauc_mean: 0.935890693056494
alc_var: 6.000808368508715e-06
nauc_std: 0.0022382945963162304
alc_std: 0.002449654744756639
alc_mean: 0.8129353490024535
nauc_var: 5.0099626998984375e-06
