score: 0.5884467091369809
Duration: 200.95322108268738
timestamps: [35.128193855285645, 41.17340660095215, 44.636953592300415, 56.87544631958008, 107.7371518611908, 154.20798349380493, 200.95322108268738]
nauc_scores: [0.4201235141528472, 0.48578119375127526, 0.6466903838112281, 0.6944706720930249, 0.7083860378529856, 0.7004242826712617, 0.7083860378529856]
accuracy: [0.2593092710164037, 0.27152866012066795, 0.38804645362969536, 0.42101229596924833, 0.4760446538234519, 0.5073505416647115, 0.4760446538234519]
nauc_var: 1.9744776741247953e-05
alc_std: 0.0022647967048896765
nauc_std: 0.004443509507275522
alc_mean: 0.5884753820923987
nauc_mean: 0.7092244782290689
alc_var: 5.129304114479136e-06
