score: 0.8070568136521628
Duration: 991.5484070777893
timestamps: [13.551426410675049, 20.531708478927612, 34.37248945236206, 49.74128603935242, 69.11348581314087, 97.3248016834259, 126.76293802261353, 160.6186544895172, 194.99812269210815, 232.6038339138031, 274.5630407333374, 317.5121591091156, 360.6622865200043, 407.57345151901245, 456.6290829181671, 513.7110316753387, 568.1494443416595, 623.6906826496124, 731.3598337173462, 789.6764011383057, 864.0190176963806, 947.3936009407043, 991.5484070777893]
nauc_scores: [0.16889811264146015, 0.3336672524416102, 0.5981835354533622, 0.7451005137614699, 0.8422515641797073, 0.8908077030195884, 0.9237847889032802, 0.943676218496335, 0.9538520663148693, 0.9610451029245097, 0.9704606435209246, 0.9743136776821757, 0.978401770979539, 0.9812973537354452, 0.9836777211765284, 0.9854695144090537, 0.98850511088343, 0.9888081060259641, 0.9908341163482557, 0.9950370589997328, 0.9954307610367046, 0.996602277595773, 0.996602277595773]
accuracy: [0.0045330032603391164, 0.0067490737320266055, 0.012389018835259561, 0.017575762790830042, 0.024956887768786053, 0.038464285522990915, 0.054575911544658906, 0.0694121577982815, 0.0852724569005928, 0.10848321689670211, 0.13529364768516233, 0.1584910541959726, 0.1777345760974274, 0.2006027226923566, 0.22911581735133224, 0.241874495989935, 0.27556754766773445, 0.2870334156150221, 0.34032213722389393, 0.43722861245031813, 0.44956010233223326, 0.5053529470108411, 0.5053529470108411]
nauc_var: 6.121269372893856e-09
nauc_std: 7.823854147984774e-05
alc_std: 0.0005681262857774833
alc_var: 3.227674765913187e-07
nauc_mean: 0.9965905710538163
alc_mean: 0.8066268620498029
