score: 0.07984266604314103
Duration: 242.78846836090088
timestamps: [31.25125741958618, 52.60598826408386, 76.14550232887268, 102.49636554718018, 134.6393506526947, 178.80043244361877, 242.78846836090088]
nauc_scores: [-0.044948435648395346, 0.012394043783559683, 0.1168784714343114, 0.11799806446913541, 0.11242575210524475, 0.12012335089810788, 0.10989902334320867]
accuracy: [0.09998571173617561, 0.0993979150435446, 0.0989271428076269, 0.09961095261811491, 0.10373582443561172, 0.10906721204756761, 0.1235484759106496]
nauc_var: 0.000722798471373903
alc_std: 0.010686752124709683
nauc_std: 0.026884911593194852
nauc_mean: 0.12292516019548713
alc_var: 0.00011420667097498693
alc_mean: 0.08129375495338038
