score: 0.3205433328974625
Duration: 18.642067432403564
timestamps: [8.653576612472534, 12.408801078796387, 17.087799549102783, 18.642067432403564]
nauc_scores: [0.03267395099891246, 0.200963753177833, 0.3476272669725906, 0.34414274999212324]
accuracy: [0.14947856308852256, 0.33746715367751695, 0.46253989175902777, 0.4612596904538655]
nauc_mean: 0.34413231085622226
nauc_std: 0.011657070286600478
nauc_var: 0.00013588728766674373
alc_std: 0.009856541162489922
alc_var: 9.71514036878582e-05
alc_mean: 0.32449482389970496
