score: 0.6842228109114523
Duration: 33.46924638748169
timestamps: [4.51434326171875, 6.360219478607178, 12.506454706192017, 19.570292472839355, 31.072273015975952, 33.46924638748169]
nauc_scores: [0.6115447530309503, 0.5810071168151245, 0.6977369268973033, 0.6256044400468428, 0.7411249623363823, 0.7095984842030245]
accuracy: [0.49038080344620827, 0.5903691295045891, 0.6285192120625425, 0.6186369635231889, 0.672294117693158, 0.6608618073036722]
nauc_mean: 0.7093847908445767
alc_var: 0.00011581366760552952
alc_mean: 0.6801023489812472
alc_std: 0.010761675873465503
nauc_var: 0.000293512940492592
nauc_std: 0.017132219368563784
