score: 0.11911550049605549
Duration: 40.33203387260437
timestamps: [17.14462637901306, 20.558992862701416, 24.16538119316101, 27.906694650650024, 32.67181062698364, 38.548587799072266, 40.33203387260437]
nauc_scores: [0.015620236578550495, 0.10385512364982308, -0.050576436398297675, 0.10763723867883801, 0.08798281540589503, 0.1426909506585532, 0.13672794853430292]
accuracy: [0.24596031979926802, 0.26678343485807443, 0.23678218564537196, 0.2862721079825556, 0.2691665614375649, 0.2688190816850605, 0.2705274423939279]
nauc_var: 0.0003958834215750688
alc_std: 0.005718097326018108
alc_var: 3.2696637029815434e-05
alc_mean: 0.11827365259463876
nauc_mean: 0.14118223994387857
nauc_std: 0.019896819383385597
