score: 0.7788241720878695
Duration: 25.46380877494812
timestamps: [8.992345809936523, 9.9943687915802, 15.191667795181274, 22.06558609008789, 23.75400137901306, 25.46380877494812]
nauc_scores: [0.5886878350619769, 0.741253706454978, 0.7119576466795445, 0.8232170686855698, 0.8264218209798886, 0.8227444734881413]
accuracy: [0.5329598696949841, 0.643224697975475, 0.6493238111498479, 0.6845929687091047, 0.7145689962969233, 0.7185593451260456]
nauc_var: 0.000168357314151021
alc_var: 0.000318125394674922
alc_mean: 0.7888854918770093
alc_std: 0.01783607004569454
nauc_std: 0.012975257768191775
nauc_mean: 0.8249511372905234
