score: 0.6303695869310497
Duration: 149.24222230911255
timestamps: [68.93799614906311, 90.2447898387909, 109.886470079422, 129.3821816444397, 149.24222230911255]
nauc_scores: [0.24205207117200556, 0.8339762130645776, 0.8865188745071535, 0.888281266158325, 0.888281266158325]
accuracy: [0.11227080743270627, 0.38675686120781705, 0.5168552328579189, 0.5064866236746919, 0.5064866236746919]
nauc_mean: 0.8879587770088259
nauc_var: 2.4044020717456874e-06
nauc_std: 0.0015506134501369732
alc_mean: 0.6302770044513532
alc_std: 0.0011564675232462857
alc_var: 1.3374171323233982e-06
