score: 0.5329018529906143
Duration: 114.0310845375061
timestamps: [68.49390745162964, 70.5892481803894, 76.7735755443573, 111.80949091911316, 114.0310845375061]
nauc_scores: [0.7736077025795398, 0.7946209034309293, 0.7014795701242036, 0.7905752936751369, 0.7087248201881235]
accuracy: [0.36284959771085046, 0.46248810248418587, 0.4898746955002517, 0.5388079117699652, 0.5019827839832386]
nauc_mean: 0.6985456649982962
alc_std: 0.014724299502173115
nauc_std: 0.01478294260151719
alc_mean: 0.530127084269182
alc_var: 0.00021680499582969547
nauc_var: 0.00021853539195975185
