score: 0.8272343338982087
Duration: 1014.6157157421112
timestamps: [6.707159757614136, 11.813485145568848, 19.564842462539673, 29.75857973098755, 41.773412227630615, 56.155701875686646, 73.12955522537231, 91.89880704879761, 111.59835147857666, 134.49962162971497, 159.30382108688354, 184.85628247261047, 241.50139832496643, 271.84962487220764, 339.7944931983948, 374.81323647499084, 411.55070066452026, 450.2431552410126, 598.6857702732086, 1014.6157157421112]
nauc_scores: [0.3181463370828237, 0.6284622468226158, 0.5902340852447576, 0.7432566335340625, 0.7905073939619198, 0.8075912343912659, 0.8476708972446294, 0.8655746132040685, 0.8813478753971942, 0.8853844058036722, 0.8888641097855088, 0.8975765484616149, 0.9015690638320393, 0.9234259283652637, 0.931751312849272, 0.9337584976049567, 0.932078881241476, 0.937521439202109, 0.9352856983585587, 0.9396878223096812]
accuracy: [0.016967606844060904, 0.024147951881290344, 0.022116386381985702, 0.04107957455693597, 0.06009617238738651, 0.0764262372460584, 0.10162100535271928, 0.12498507041019985, 0.1470613710748788, 0.1571429658056054, 0.1743978711264302, 0.18689157058975306, 0.21108423990268885, 0.2651010734704718, 0.30673858684426036, 0.32015959433288266, 0.3258254711194788, 0.3475625969033062, 0.34950699045839545, 0.38021739549646755]
nauc_var: 1.170084128593026e-06
alc_var: 1.0158173296522913e-06
alc_std: 0.0010078776362497043
nauc_std: 0.0010817042703960386
alc_mean: 0.8272042403438686
nauc_mean: 0.9388935691417591
