score: 0.01751586724893008
Duration: 177.93303680419922
timestamps: [49.10958123207092, 57.56493330001831, 65.54940915107727, 74.0891489982605, 82.23897218704224, 91.61446380615234, 99.29141116142273, 107.07058310508728, 115.5431501865387, 124.54839301109314, 135.04432606697083, 150.83403539657593, 171.31631302833557, 177.93303680419922]
nauc_scores: [0.0010238568218954303, 0.0034556501225493363, 0.003019382352941413, 0.0025174814133985812, 0.0001992352941178055, 0.0021808903186275597, 0.01154948774509812, 0.003546987132352797, 0.004571151552287489, -5.893709150350812e-05, 0.0004193394607845402, 0.00029615114379089036, 0.030559236519607902, 0.03040579799836607]
accuracy: [0.052568900481432417, 0.041269675523114537, 0.02447200466046941, 0.017303533673059975, 0.018516935256013094, 0.026449197357529604, 0.056753678019476776, 0.056261081815521856, 0.05664175050807954, 0.05652031684673224, 0.056318256491440226, 0.056269287787176034, 0.055733020860588615, 0.055727541990465305]
nauc_var: 2.1379771870525004e-06
alc_mean: 0.017015954142841357
nauc_mean: 0.031021127069853917
nauc_std: 0.0014621823371428408
alc_std: 0.0007324319199910076
alc_var: 5.364565174217138e-07
