score: 0.6727069614250679
Duration: 52.710442543029785
timestamps: [52.710442543029785]
nauc_scores: [0.8483982284654823]
accuracy: [0.3980642960849339]
