score: 0.6277644878106833
Duration: 216.45705580711365
timestamps: [36.762197732925415, 59.81875133514404, 74.01481485366821, 88.41311573982239, 102.69959926605225, 116.79953265190125, 130.95276403427124, 145.14520406723022, 159.30545687675476, 173.532212972641, 187.6996042728424, 201.86467599868774, 216.45705580711365]
nauc_scores: [0.7477905243034018, 0.7477905243034018, 0.7477905243034018, 0.7176016381352788, 0.7477905243034018, 0.7477905243034018, 0.7040940074897106, 0.7236836751962068, 0.7477905243034018, 0.7313558845055812, 0.7557066260155085, 0.7477905243034018, 0.7477905243034018]
accuracy: [0.4969958986190779, 0.4969958986190779, 0.4969958986190779, 0.4428052553537917, 0.4969958986190779, 0.4969958986190779, 0.48175977757675686, 0.5024203943152407, 0.4969958986190779, 0.5094634729059428, 0.5076548893958801, 0.4969958986190779, 0.4969958986190779]
alc_std: 0.05801427122897801
alc_var: 0.0033656556662294253
alc_mean: 0.6462975052985322
nauc_mean: 0.7903307570108333
nauc_var: 0.0010270192022547588
nauc_std: 0.03204714031321295
