score: 0.5804269350943329
Duration: 187.6125590801239
timestamps: [78.42338299751282, 80.86952328681946, 95.07433104515076, 96.11121559143066, 97.13668823242188, 98.15623474121094, 99.34509325027466, 100.37124228477478, 101.46357941627502, 102.5121750831604, 103.58367967605591, 105.93269443511963, 107.67267227172852, 109.45112442970276, 111.31017208099365, 113.20811486244202, 115.00868916511536, 116.59131336212158, 118.31394624710083, 162.27138996124268, 164.46580147743225, 187.6125590801239]
nauc_scores: [0.5040768988724829, 0.5040768988724829, 0.5040768988724829, 0.5040768988724829, 0.5040768988724829, 0.5040768988724829, 0.5040768988724829, 0.5040768988724829, 0.5040768988724829, 0.5040768988724829, 0.5040768988724829, 0.5040768988724829, 0.5040768988724829, 0.5040768988724829, 0.5040768988724829, 0.5040768988724829, 0.5040768988724829, 0.5040768988724829, 0.5040768988724829, 0.8778562130156784, 0.8778562130156784, 0.8811436562758523]
