score: 0.36280679104256
Duration: 327.9547469615936
timestamps: [292.96558713912964, 302.33391523361206, 304.9809980392456, 307.25036907196045, 309.5527777671814, 311.7853283882141, 313.9868469238281, 316.29734683036804, 318.57336235046387, 321.03052735328674, 323.36392521858215, 325.61189579963684, 327.9547469615936]
nauc_scores: [0.7819406647587908, 0.7819406647587908, 0.8226418210350261, 0.8381103484835899, 0.851810982829426, 0.8572138894068426, 0.860084385795111, 0.8632483363424099, 0.8639225793499032, 0.8681776612136773, 0.8679183500312244, 0.8710908249413054, 0.8710908249413054]
accuracy: [0.7292475325446998, 0.7292475325446998, 0.7662929704847247, 0.7537401346465479, 0.8273635840836429, 0.8165965748183143, 0.760847490512135, 0.8472016370514106, 0.8111942857116059, 0.789257835972404, 0.853128217287696, 0.7624124954799877, 0.7624124954799877]
nauc_std: 0.002874643184803506
alc_mean: 0.3627849686473176
alc_std: 0.000722343098699146
alc_var: 5.217795522382843e-07
nauc_mean: 0.8708505012972412
nauc_var: 8.263573439937244e-06
