score: 0.8733262726517774
Duration: 605.6662509441376
timestamps: [13.751240491867065, 17.335707426071167, 24.34412169456482, 33.197245836257935, 44.24030613899231, 56.729602098464966, 71.70147895812988, 88.70447516441345, 106.85319828987122, 129.45212602615356, 248.2145698070526, 605.6662509441376]
nauc_scores: [0.7060348899474753, 0.8311855817420015, 0.8719831310274819, 0.8859805963499814, 0.9057694214721992, 0.915685173238769, 0.9346844902800173, 0.9491132905306332, 0.9516372218904054, 0.9604948790297194, 0.9623337989328131, 0.9433198907819622]
accuracy: [0.7239804552813229, 0.7841469577595024, 0.7675987006157173, 0.8132846691960148, 0.812008615491914, 0.8476167981767742, 0.8463890155485327, 0.8648701914228384, 0.8688508484086509, 0.8908408120767529, 0.8941381961052034, 0.8614072362833732]
alc_mean: 0.8728411462462752
nauc_var: 2.465979374624344e-06
nauc_mean: 0.9436259732455099
alc_std: 0.0008063242559981927
nauc_std: 0.0015703437122567606
alc_var: 6.50158805811039e-07
