score: 0.8348999003606223
Duration: 1016.0518109798431
timestamps: [3.517641305923462, 5.771827697753906, 11.541845560073853, 18.46902561187744, 27.357682704925537, 38.6657338142395, 51.323556900024414, 66.8208441734314, 83.53883457183838, 102.63156390190125, 123.16031694412231, 146.29142117500305, 172.58141374588013, 220.38570523262024, 272.92780089378357, 302.6861267089844, 337.2626588344574, 371.7873320579529, 409.1373550891876, 706.2890617847443, 1016.0518109798431]
nauc_scores: [0.21846780555449108, 0.44547248806018414, 0.606794015119956, 0.7203635236053558, 0.7626918613724174, 0.8100684085636671, 0.832150926536319, 0.855415595461265, 0.8663032014390992, 0.8814516998805437, 0.8816378969881888, 0.891636039502306, 0.8963268286046662, 0.8891393558182372, 0.9059361559989205, 0.8953409058859665, 0.9119108860506615, 0.9188642617081197, 0.9180518141270924, 0.9038248070791255, 0.9172921050839722]
accuracy: [0.029909173765530345, 0.04203094424378465, 0.059567917590277665, 0.09303625547491597, 0.11416024303501728, 0.15475032737311412, 0.16635872267928137, 0.19714260157469193, 0.22308559909346395, 0.24129251966621182, 0.2533041873319507, 0.2765924290587903, 0.2886908685484018, 0.2919451433771938, 0.3417155864280577, 0.3419338186987782, 0.37540196689222144, 0.40274433015530753, 0.41457829125538453, 0.4462769061090878, 0.4298100823882013]
alc_mean: 0.8347204780606731
nauc_var: 1.618573448466713e-06
alc_var: 3.0921674164649334e-07
alc_std: 0.0005560726046538288
nauc_mean: 0.9166303753768972
nauc_std: 0.0012722316803423475
