score: 0.4956496458487656
Duration: 1176.5258038043976
timestamps: [76.92367148399353, 79.83954286575317, 102.19423007965088, 177.5964000225067, 196.4489619731903, 210.2592487335205, 225.0612862110138, 359.923038482666, 456.722491979599, 541.5405671596527, 622.4417610168457, 664.7433333396912, 702.8324370384216, 741.6352550983429, 779.9150264263153, 817.9858615398407, 855.3180623054504, 893.3158812522888, 956.4972748756409, 993.9379138946533, 1022.4571402072906, 1099.0937519073486, 1176.5258038043976]
nauc_scores: [0.5082574806670139, 0.5638311773694917, 0.6375755166431312, 0.6701691697800805, 0.6809586617957029, 0.6950276956782488, 0.6980481964379168, 0.6980481964379168, 0.6980481964379168, 0.6980481964379168, 0.6980481964379168, 0.7158012296178675, 0.7148448176289854, 0.7110172496664366, 0.7073098824337991, 0.7178598063331825, 0.7178598063331825, 0.7178598063331825, 0.7178598063331825, 0.7178598063331825, 0.7178598063331825, 0.7178598063331825, 0.7178598063331825]
alc_std: 0.0007327316910990322
nauc_var: 4.870219780626429e-06
alc_var: 5.368957311408476e-07
alc_mean: 0.4942971027760222
nauc_mean: 0.7193230893103093
nauc_std: 0.0022068574445637465
