score: 0.06785684031282185
Duration: 1012.3219966888428
timestamps: [26.51901650428772, 45.61292624473572, 64.62646389007568, 84.57876920700073, 106.0308358669281, 129.80670976638794, 159.92359614372253, 202.1512749195099, 271.59733510017395, 383.8946681022644, 595.5580079555511, 1012.3219966888428]
nauc_scores: [0.023890944872972497, 0.02809681741916381, 0.03428217559284863, 0.041245831516588005, 0.05262836236845847, 0.06759382295414706, 0.07400858867966997, 0.09332145488716392, 0.09508057839356909, 0.10276125128980151, 0.10317806612451053, 0.09845598607207018]
alc_std: 0.0032649013972016025
nauc_std: 0.00954853785696498
nauc_var: 9.117457520589335e-05
alc_mean: 0.07057798508697102
nauc_mean: 0.09831463832014709
alc_var: 1.0659581133448975e-05
