score: 0.05712341719819353
Duration: 90.2415418624878
timestamps: [33.77470803260803, 38.59621715545654, 43.7758674621582, 49.64916634559631, 57.414409160614014, 69.18191385269165, 87.49098634719849, 90.2415418624878]
nauc_scores: [0.02393675499548964, 0.027217685531777835, 0.008980597961562697, -0.045726734807040814, 0.035817042100851015, 0.054689995497071875, 0.00688532250085272, 0.07672124066170194]
accuracy: [0.1998133778698013, 0.1998576013094612, 0.1997829321209272, 0.19942930508693454, 0.19883221696606124, 0.20310556134791216, 0.21131083809766948, 0.21145030943158113]
alc_std: 0.016605527629261613
nauc_mean: 0.07925824735260856
nauc_std: 0.016251172179025657
nauc_var: 0.00026410059719233754
alc_mean: 0.05841258385446504
alc_var: 0.0002757435478461708
