score: 0.8946598202532555
Duration: 196.58016395568848
timestamps: [11.556498050689697, 18.655636310577393, 26.00565242767334, 33.42380237579346, 41.79489088058472, 51.472320318222046, 65.89543437957764, 88.65359807014465, 124.9273636341095, 195.228768825531, 196.58016395568848]
nauc_scores: [0.32087597760893316, 0.6648315685648101, 0.7239573561448966, 0.772052523296973, 0.9509615809491287, 0.984963944722048, 0.9937095719608084, 0.9990539662714011, 0.9998083144823522, 0.9997552709928752, 0.9997552709928752]
accuracy: [0.20750553013803763, 0.22384468690347842, 0.28104353628152345, 0.4112012336336947, 0.7197547724575866, 0.8619675925558461, 0.8990771254024992, 0.9680833624923073, 0.9835514717247337, 0.9837072099380151, 0.9837072099380151]
nauc_var: 8.1191564605089e-10
alc_var: 1.4279954474375218e-07
alc_std: 0.00037788827018545067
nauc_mean: 0.9997620807452037
alc_mean: 0.8949007401282415
nauc_std: 2.849413353746504e-05
