score: 0.6556274179306982
Duration: 77.65323758125305
timestamps: [50.882251501083374, 61.97286558151245, 63.23256206512451, 64.41517400741577, 65.65271234512329, 66.82862591743469, 68.00187754631042, 69.2113823890686, 70.38562417030334, 71.67225551605225, 72.84693217277527, 74.02642560005188, 75.2031660079956, 76.3756754398346, 77.65323758125305]
nauc_scores: [0.8212943946300655, 0.8212943946300655, 0.8212943946300655, 0.8212943946300655, 0.8212943946300655, 0.8212943946300655, 0.8212943946300655, 0.8212943946300655, 0.8212943946300655, 0.8212943946300655, 0.8212943946300655, 0.8212943946300655, 0.8212943946300655, 0.8212943946300655, 0.8212943946300655]
accuracy: [0.9724833694709505, 0.9724833694709505, 0.9724833694709505, 0.9724833694709505, 0.9724833694709505, 0.9724833694709505, 0.9724833694709505, 0.9724833694709505, 0.9724833694709505, 0.9724833694709505, 0.9724833694709505, 0.9724833694709505, 0.9724833694709505, 0.9724833694709505, 0.9724833694709505]
alc_std: 0.027619914052352163
nauc_var: 0.001445626735848587
alc_var: 0.0007628596522593204
alc_mean: 0.6588701804925051
nauc_std: 0.038021398394175177
nauc_mean: 0.8085676401203112
