score: 0.7996665508267223
Duration: 1015.0787353515625
timestamps: [9.200104713439941, 11.510968446731567, 16.28807234764099, 19.702126264572144, 23.02038860321045, 26.564937591552734, 33.25597524642944, 41.453208684921265, 52.234737157821655, 63.41471195220947, 78.20193815231323, 100.56412386894226, 119.42864394187927, 140.36724472045898, 163.08828854560852, 191.43705558776855, 218.07853174209595, 246.38461589813232, 297.2421090602875, 328.7121102809906, 620.7463955879211, 818.8946557044983, 898.3887348175049, 1015.0787353515625]
nauc_scores: [0.1779475763402132, 0.3650705577370066, 0.4771408778673114, 0.5454109973193806, 0.6043516718063198, 0.6334479432281233, 0.6988006372256121, 0.7663925688405848, 0.8068235084988908, 0.8280095224198456, 0.8334679543325552, 0.8545850996863058, 0.8690980435336888, 0.8800278698834763, 0.889010880786961, 0.8960090911239524, 0.9020194605310936, 0.9048033613196464, 0.9082798004819614, 0.9097843017436347, 0.910794963453601, 0.9141723403756761, 0.917659774682406, 0.9190471007752121]
nauc_std: 0.0020175980952692103
nauc_mean: 0.9179897558531047
nauc_var: 4.070702074033946e-06
alc_var: 2.93639898552393e-06
alc_std: 0.001713592421062818
alc_mean: 0.7995073147865523
