score: 0.48321924697069135
Duration: 11.253402948379517
timestamps: [4.54115891456604, 5.53565239906311, 6.628312349319458, 7.805078744888306, 9.140332221984863, 10.878262519836426, 11.253402948379517]
nauc_scores: [0.012277519277869464, 0.03175253536655642, 0.0666883309869426, 0.13454888408076915, 0.2697475629496173, 0.5073037293298515, 0.5073037293298515]
accuracy: [0.05004580017712762, 0.05025130895301432, 0.05097902062032153, 0.053585251951030054, 0.06175190090161805, 0.08422015138133394, 0.08422015138133394]
nauc_std: 0.004504075806719718
alc_std: 0.008498732655090357
alc_mean: 0.4890265966448461
nauc_mean: 0.503860776622642
alc_var: 7.222845674269918e-05
nauc_var: 2.0286698872677877e-05
