score: 0.9728962496324849
Duration: 25.448696851730347
timestamps: [3.1884653568267822, 4.958622455596924, 8.98291015625, 14.502591371536255, 21.618369579315186, 25.448696851730347]
nauc_scores: [0.4957035645056749, 0.8025780802250029, 0.9806308854035708, 0.9980108126511802, 0.9964928538973681, 0.9988451048908742]
accuracy: [0.47915370444260774, 0.6694150929822678, 0.8776937756908769, 0.9547535877729934, 0.9599552419747721, 0.9706877179878123]
nauc_mean: 0.9987572908973057
alc_var: 1.8574147838909436e-07
alc_mean: 0.9729591582234931
nauc_var: 1.427689495633306e-07
nauc_std: 0.00037784778623584737
alc_std: 0.000430977352524578
