score: 0.9840999957610962
Duration: 17.924811840057373
timestamps: [2.272590160369873, 3.9401462078094482, 7.9691245555877686, 14.251693487167358, 17.924811840057373]
nauc_scores: [0.8547728402341181, 0.9402252498152286, 0.9967198965896109, 0.9989479342128544, 0.9987783683890634]
accuracy: [0.546594957432193, 0.7209267482217693, 0.8959397669083952, 0.9416861315933209, 0.938608113120111]
nauc_mean: 0.9987049272276725
alc_mean: 0.9840004243646432
nauc_var: 2.0420934121351717e-08
alc_var: 2.9069686106585624e-08
alc_std: 0.00017049834634560426
nauc_std: 0.00014290183386280147
