score: 0.7259152542160322
Duration: 1012.1537537574768
timestamps: [14.074566841125488, 18.154722213745117, 23.384891033172607, 32.230034589767456, 41.49712681770325, 55.474679470062256, 67.56274271011353, 83.24629592895508, 100.37075924873352, 120.08299922943115, 144.84628462791443, 486.91372442245483, 509.7097156047821, 596.8982653617859, 1012.1537537574768]
nauc_scores: [0.2755617683570495, 0.5335059252435115, 0.6271502240137894, 0.6752149781147272, 0.6938084027896583, 0.7433135461143194, 0.7828757144350373, 0.7875675129416129, 0.7975702448050266, 0.794051248781176, 0.813711238329393, 0.7628623446721692, 0.8330127354396937, 0.8346211075468473, 0.8492904931284462]
accuracy: [0.02002473612672231, 0.045262751663092515, 0.05878305947909189, 0.08885684993971159, 0.10667666195593394, 0.1290094505476575, 0.15563246007120735, 0.16721409372250015, 0.1764327628907064, 0.18814776435087646, 0.2185551277591793, 0.24123046198600234, 0.2998132027782482, 0.3029505043493855, 0.35275815176007264]
nauc_std: 0.004069254754296766
alc_std: 0.005822780522881225
nauc_var: 1.6558834255366835e-05
alc_var: 3.390477301764495e-05
nauc_mean: 0.8507827066794071
alc_mean: 0.7247630709508128
