score: 0.4965258180240334
Duration: 557.6108295917511
timestamps: [9.291502237319946, 11.849264860153198, 24.483687162399292, 35.284239530563354, 52.863890409469604, 57.82065796852112, 65.11890006065369, 74.54506421089172, 85.01046943664551, 102.41482615470886, 113.34482383728027, 140.75009894371033, 159.73537015914917, 179.85487055778503, 204.08061242103577, 242.02131843566895, 280.45766258239746, 319.55174684524536, 358.1063961982727, 398.0145857334137, 437.596643447876, 478.0901520252228, 518.0471186637878, 557.6108295917511]
nauc_scores: [0.07118038961596418, 0.24177935226127922, 0.34710677967110026, 0.4332373804555869, 0.46135541545024483, 0.48155583972276017, 0.49249522740673624, 0.5145265735188314, 0.5276773670166737, 0.5326932236012596, 0.5452688079117818, 0.5613525766446046, 0.5598628326887181, 0.5696293046449945, 0.5743088618007841, 0.5782884412983937, 0.5779133830730219, 0.5779133830730219, 0.5779133830730219, 0.5779133830730219, 0.5779133830730219, 0.5779133830730219, 0.5779133830730219, 0.5779133830730219]
nauc_mean: 0.5797427504134058
alc_var: 4.5147494039216715e-05
alc_std: 0.006719188495586109
nauc_std: 0.010985217050967387
nauc_var: 0.00012067499365686462
alc_mean: 0.5116960239572869
