score: 0.8743116595625813
Duration: 162.91788601875305
timestamps: [3.8904457092285156, 6.781839609146118, 9.609276056289673, 12.714910745620728, 17.804189682006836, 23.378445148468018, 31.38513493537903, 38.195106744766235, 47.9238703250885, 58.94224238395691, 67.41217827796936, 80.26445770263672, 102.04300546646118, 115.4640953540802, 131.69350624084473, 162.91788601875305]
nauc_scores: [0.12252455604032075, 0.1967317013093992, 0.42835816333188803, 0.5742485445853287, 0.7518573863781106, 0.8254334862180011, 0.8647118028345306, 0.8870065973530235, 0.9094807039377348, 0.9252412993152239, 0.9308831957420867, 0.9347053329278714, 0.940797751241816, 0.942819540238649, 0.9441882405577169, 0.9467913410494768]
accuracy: [0.011206373849277317, 0.025319916778642544, 0.08200247107892188, 0.1269325607685492, 0.1801631961205911, 0.22927961289703763, 0.26012920965854425, 0.27630739229285256, 0.3178684824914121, 0.3448642927825784, 0.3580637679855925, 0.3792092183268557, 0.40628136482169175, 0.4111472212526338, 0.4205513767120065, 0.43268052474330737]
nauc_std: 0.0014560654178304155
alc_std: 0.0006580947906962795
nauc_mean: 0.9469362266533154
nauc_var: 2.1201265010016624e-06
alc_mean: 0.8739833479650152
alc_var: 4.330887535415799e-07
