score: 0.9327784241484383
Duration: 207.18667030334473
timestamps: [13.45465898513794, 17.036449193954468, 17.723862648010254, 18.39263892173767, 19.054231643676758, 19.68987727165222, 20.383026838302612, 21.071783304214478, 24.852872133255005, 207.18667030334473]
nauc_scores: [0.9681889350463142, 0.9893872045259804, 0.9957368892455407, 0.9957290762180087, 0.9981222676555539, 0.9984687086478758, 0.9990522772704626, 0.998651930844811, 0.9995530987213237, 0.9999728236006]
accuracy: [0.5560416468146437, 0.7958263284151508, 0.8411315006504345, 0.848047934211663, 0.8684501185532106, 0.8741415555847688, 0.9613491975372217, 0.8813844129771556, 0.9784199459307051, 0.9952519785452212]
alc_std: 5.0824170012659244e-05
nauc_var: 3.0798727119898196e-11
nauc_std: 5.549660090482857e-06
nauc_mean: 0.9999746836496387
alc_var: 2.583096257475691e-09
alc_mean: 0.9327803044585778
