score: 0.03542259963115121
Duration: 145.2132053375244
timestamps: [59.380013942718506, 73.56653881072998, 89.85393738746643, 109.95916295051575, 137.7922646999359, 145.2132053375244]
nauc_scores: [-0.006469403604502211, -0.025071583189797964, 0.024269286880274743, 0.00570779215104622, 0.01779153337280026, 0.058892825215542954]
accuracy: [0.3391579718640431, 0.3402515007440535, 0.3435268128093925, 0.35269960917312004, 0.389942042739873, 0.390479275500941]
alc_mean: 0.048388785547256105
nauc_mean: 0.07910315950506502
nauc_std: 0.04506423852435574
nauc_var: 0.002030785593780028
alc_std: 0.009748248299398772
alc_var: 9.502834490673105e-05
