score: 0.69302200864347
Duration: 32.378233432769775
timestamps: [3.6824817657470703, 5.820752143859863, 12.515536069869995, 19.205517292022705, 30.759394884109497, 32.378233432769775]
nauc_scores: [0.5820681242209345, 0.7060673536421773, 0.7513162796466477, 0.6717147701509785, 0.759552747036722, 0.7084302713866113]
accuracy: [0.4970919425313173, 0.6328834903525945, 0.6512759474372233, 0.6294646840265073, 0.6968791840263743, 0.6625161980803933]
alc_mean: 0.6826799604512169
nauc_mean: 0.7061504625457079
nauc_std: 0.015894101263418767
alc_var: 0.0003301866892703181
nauc_var: 0.00025262245497181
alc_std: 0.01817103985110148
