score: 0.8645613814195803
Duration: 572.6019201278687
timestamps: [2.9803364276885986, 4.618544340133667, 6.805639982223511, 11.395707845687866, 24.795806646347046, 44.841667890548706, 73.89073944091797, 110.298419713974, 155.61338877677917, 208.84862780570984, 321.8954620361328, 572.6019201278687]
nauc_scores: [0.15902428788969325, 0.33103101194856643, 0.46200567103384604, 0.7121724151801656, 0.8447902588133738, 0.8841062478178847, 0.901098640745756, 0.9123807658918519, 0.9228996368074971, 0.9273587742604454, 0.9285996357199113, 0.9267668847331456]
accuracy: [0.010386940661579925, 0.01636001098614679, 0.033494278523936515, 0.08182847480405499, 0.17546158995270758, 0.23648747334191916, 0.28630121201091496, 0.3228937981553662, 0.3730207930975873, 0.40458802880617933, 0.4089297572546167, 0.4130895637660226]
nauc_var: 7.390159725851307e-07
alc_mean: 0.8624675857815142
alc_std: 0.0006630949295124967
nauc_std: 0.0008596603821190847
nauc_mean: 0.9261033783788628
alc_var: 4.3969488554518304e-07
