score: 0.8141658752839677
Duration: 702.6483328342438
timestamps: [3.969390869140625, 5.371547698974609, 11.741278171539307, 17.041178703308105, 26.216291189193726, 35.671603202819824, 48.28205227851868, 182.97195386886597, 198.22139716148376, 216.4721393585205, 236.39404129981995, 258.0667243003845, 702.6483328342438]
nauc_scores: [0.6044714060885255, 0.6799012656463292, 0.8172051145772452, 0.815832191938556, 0.8335398193726371, 0.8683773033773108, 0.8245309206230926, 0.8304290818696058, 0.8388505174074246, 0.8350942379961444, 0.8475306223326502, 0.8469929131180438, 0.8469929131180438]
nauc_mean: 0.8605892051001675
nauc_std: 0.03900144734290527
alc_std: 0.021155460491988184
alc_var: 0.000447553508628073
alc_mean: 0.8180522997211416
nauc_var: 0.0015211128948414126
