score: 0.859688738153474
Duration: 1009.6426010131836
timestamps: [12.7918860912323, 16.916089057922363, 25.7796847820282, 33.41311001777649, 45.99350833892822, 60.605446100234985, 75.61894178390503, 92.23421502113342, 109.95153260231018, 131.5890576839447, 156.3761055469513, 518.1746127605438, 556.429559469223, 593.8491296768188, 639.5454761981964, 707.2073028087616, 830.7796461582184, 1004.2045171260834, 1009.6426010131836]
nauc_scores: [0.41548391197084, 0.651579127170151, 0.7433804821728567, 0.8480168074085943, 0.9015978533642095, 0.9287671205163792, 0.9396848043895751, 0.949225438114897, 0.9521847419679172, 0.9530914448494754, 0.948660937763919, 0.9546175642219481, 0.9625763174184576, 0.9649851988894602, 0.9634294960948451, 0.9650416939541075, 0.9640215662050178, 0.9725894082551023, 0.9725894082551023]
accuracy: [0.05952511559097793, 0.06850670137046504, 0.06958878993103627, 0.10399726704786995, 0.14488451072035047, 0.22107291699913317, 0.3004929153687354, 0.34747982904032826, 0.3668681974991546, 0.39469133024272396, 0.3891200340620431, 0.5037249754013394, 0.513708371957893, 0.536652328651705, 0.5345500127211817, 0.5363797673038979, 0.5392977481102843, 0.5909287701082572, 0.5909287701082572]
alc_var: 6.7030107812788145e-06
nauc_var: 5.041766772283255e-07
alc_mean: 0.8604327757718575
alc_std: 0.0025890173389297366
nauc_std: 0.0007100539959949
nauc_mean: 0.9727064698896045
