score: -0.038027348896634165
Duration: 39.7263708114624
timestamps: [16.0731840133667, 24.505921602249146, 36.398422956466675, 39.7263708114624]
nauc_scores: [-0.03685863974477743, -0.025321911700482702, 0.042413573951517014, -0.0433701952297596]
accuracy: [0.049551834731500814, 0.04957964893897718, 0.05029611817583103, 0.04964411352335804]
alc_mean: -0.03097637600487508
alc_var: 0.00015408464427093833
nauc_var: 0.0005334879804110204
nauc_mean: -0.048110869407144576
alc_std: 0.012413083592360857
nauc_std: 0.023097358732353367
