score: 0.19596791617880624
Duration: 52.50298070907593
timestamps: [16.086779832839966, 19.64574694633484, 23.2042133808136, 27.108479261398315, 31.11531090736389, 36.086726665496826, 41.79124093055725, 49.903982639312744, 52.50298070907593]
nauc_scores: [-0.0020866486670955142, 0.0022294383300274223, 0.013660967072256724, 0.039535103731519916, 0.08833573085417146, 0.1489742586342886, 0.1976137505585256, 0.23194904311843056, 0.23194904311843056]
accuracy: [0.00983891517452249, 0.009986988623939584, 0.010685048621994086, 0.012034897689118114, 0.013737371589234418, 0.016176799563031082, 0.01880203682653359, 0.02187053544734028, 0.02187053544734028]
nauc_var: 6.773384066789771e-06
alc_std: 0.001900175187334069
nauc_mean: 0.23130461964402502
alc_mean: 0.19813177777922425
alc_var: 3.610665742560064e-06
nauc_std: 0.002602572586267244
