score: 0.8180602935586287
Duration: 118.2282874584198
timestamps: [31.67914056777954, 38.01099920272827, 48.57905125617981, 61.65906572341919, 76.49026036262512, 110.44038701057434, 118.2282874584198]
nauc_scores: [0.44161334395687324, 0.563959174987168, 0.9407835828361699, 0.9748589859465846, 0.9816281575778973, 0.9828221217029249, 0.9828451901426867]
accuracy: [0.6450894662620539, 0.6341957700657287, 0.8417151533555836, 0.9014204467237614, 0.9144227315579984, 0.9219040049515608, 0.921157197147587]
nauc_mean: 0.9827984747666674
alc_std: 0.00036254536879682503
nauc_var: 8.659079350575283e-08
alc_var: 1.314391444360259e-07
nauc_std: 0.00029426313650498734
alc_mean: 0.8180764114986812
