score: 0.8078626789065005
Duration: 1014.4828975200653
timestamps: [12.305452823638916, 16.14311981201172, 23.327605724334717, 30.456891775131226, 40.48682904243469, 51.03639554977417, 65.71510124206543, 80.87889385223389, 99.21465706825256, 118.69086742401123, 141.78947615623474, 173.67251348495483, 520.6220271587372, 588.0763120651245, 645.2124078273773, 828.4830651283264, 887.9675099849701, 988.3957448005676, 1014.4828975200653]
nauc_scores: [0.44588499482653776, 0.6373793702398547, 0.6909547208275157, 0.7056989381004863, 0.8088860971230982, 0.8049075345373984, 0.8497363779634228, 0.87425677132778, 0.8707592640420896, 0.8938335686854582, 0.8958450527155915, 0.9006386704120386, 0.8925778384852658, 0.9032470059067066, 0.9093880304844946, 0.9061917745745465, 0.9069268629559131, 0.9176461245653273, 0.9182767650813191]
accuracy: [0.044613912774779774, 0.08614746344105483, 0.09564046667284476, 0.09930649387693109, 0.13214920760207852, 0.13018114920993387, 0.17355149307896373, 0.19463779369888062, 0.22568762284388597, 0.2603994863664356, 0.27960392100231257, 0.30128073327509336, 0.39256475360474286, 0.4009357283898879, 0.42063943551567534, 0.41620652970833266, 0.4271217860663439, 0.45876050436940435, 0.4586432430224396]
nauc_mean: 0.9190609988907343
alc_std: 0.0011615985633159163
alc_mean: 0.8093156769686605
alc_var: 1.3493112222976008e-06
nauc_std: 0.002579843156869581
nauc_var: 6.6555907140468065e-06
