score: 0.08561600807463254
Duration: 842.7942342758179
timestamps: [610.3495182991028, 623.6725835800171, 629.1679592132568, 642.1324639320374, 684.4102885723114, 842.7942342758179]
nauc_scores: [0.26421503549800107, 0.26421503549800107, 0.3285140054818818, 0.3892809228482583, 0.41816121557800545, 0.4313396214563454]
accuracy: [0.28219776681233183, 0.28219776681233183, 0.3248050508426102, 0.3393575327229394, 0.34597395149954635, 0.35672468067318014]
nauc_std: 0.002772559240565793
nauc_var: 7.687084742446766e-06
nauc_mean: 0.43009859941664513
alc_mean: 0.0856733421685379
alc_std: 0.0002645938323241397
alc_var: 7.000989610397496e-08
