score: 0.4693622909660669
Duration: 56.06320261955261
timestamps: [8.137306213378906, 14.29727554321289, 20.637224197387695, 27.37752628326416, 34.745118618011475, 43.592060804367065, 55.05629777908325, 56.06320261955261]
nauc_scores: [0.0, 0.0, 0.0, 0.0, 0.1074281624963418, 0.4555881743244561, 0.5730546105258023, 0.5730546105258023]
accuracy: [0.5037037037037031, 0.5037037037037031, 0.5037037037037031, 0.5037037037037031, 0.5036938540335936, 0.6389887379448383, 0.6842525102764093, 0.6842525102764093]
alc_var: 0.00014202628604033694
alc_mean: 0.47178744337812617
alc_std: 0.0119174781745274
nauc_mean: 0.5807043789099017
nauc_std: 0.012069428060817781
nauc_var: 0.00014567109371525568
