score: 0.7258820356202481
Duration: 110.17134118080139
timestamps: [19.27490520477295, 22.045466661453247, 25.141331434249878, 28.49651288986206, 33.25720477104187, 38.44943904876709, 42.90404224395752, 51.30376696586609, 60.87203764915466, 70.5932264328003, 78.66038346290588, 93.75706839561462, 110.17134118080139]
nauc_scores: [0.09383563072743728, 0.23759765677046296, 0.4159712094537067, 0.39081368689857143, 0.609303948283892, 0.67367801591576, 0.6758392626148828, 0.733226468115125, 0.7460126939110157, 0.8012917384651179, 0.7965684474532, 0.8081576237688415, 0.8566306165119544]
accuracy: [0.41343572928440714, 0.4438212549668737, 0.5096776772008218, 0.4947019722860134, 0.5433205408364841, 0.5850925009401986, 0.599664992056648, 0.5213183746729809, 0.6891560704826083, 0.6474280110407358, 0.6683075666696574, 0.6932120855196774, 0.7129760401332479]
