score: 0.9316388530357773
Duration: 155.908438205719
timestamps: [13.648946285247803, 14.535705804824829, 15.184552192687988, 27.50698494911194, 30.532497882843018, 33.50685954093933, 36.63108849525452, 39.92970252037048, 43.099658727645874, 46.010249614715576, 49.35325241088867, 52.37609028816223, 55.35651183128357, 58.282777309417725, 59.602004051208496, 65.15650486946106, 67.10804224014282, 71.21988201141357, 74.78172278404236, 76.72604203224182, 78.68679714202881, 82.29355764389038, 85.86319971084595, 87.83590960502625, 89.8061785697937, 93.42459297180176, 95.43597936630249, 99.85556221008301, 101.97737741470337, 104.03234028816223, 106.13122272491455, 108.2161934375763, 110.31278276443481, 111.67607235908508, 113.03367519378662, 114.38180875778198, 115.71129298210144, 117.03656315803528, 119.85064816474915, 121.25095725059509, 124.06789708137512, 125.39868068695068, 126.73516535758972, 128.81682133674622, 130.1773326396942, 131.55860996246338, 133.01642727851868, 136.5801088809967, 140.11088252067566, 143.64398860931396, 145.62286019325256, 147.65023589134216, 149.64886093139648, 153.53931093215942, 154.74203276634216, 155.908438205719]
nauc_scores: [0.992452680578144, 0.9940170567460214, 0.9943428674504731, 0.9949271650734968, 0.9962498920680767, 0.9968695629571886, 0.9975781509069768, 0.997997903606954, 0.9983172165493057, 0.9980548238808722, 0.9982560558301177, 0.998855755841958, 0.9986377880387263, 0.9987150604106132, 0.9987150604106132, 0.9987150604106132, 0.9987150604106132, 0.9987150604106132, 0.9987150604106132, 0.9987150604106132, 0.9987150604106132, 0.9987150604106132, 0.9987150604106132, 0.9987150604106132, 0.9987150604106132, 0.9987150604106132, 0.9987150604106132, 0.9987150604106132, 0.9987150604106132, 0.9987150604106132, 0.9987150604106132, 0.9987150604106132, 0.9987150604106132, 0.9987150604106132, 0.9987150604106132, 0.9987150604106132, 0.9987150604106132, 0.9987150604106132, 0.9992216839773063, 0.9992216839773063, 0.9993466159382236, 0.9993466159382236, 0.9993466159382236, 0.9993466159382236, 0.9993466159382236, 0.9993466159382236, 0.9993466159382236, 0.9993466159382236, 0.9993466159382236, 0.9993466159382236, 0.9993466159382236, 0.9993466159382236, 0.9993466159382236, 0.9995784718911742, 0.9995784718911742, 0.9995784718911742]
accuracy: [0.3637055557970142, 0.3897359912694148, 0.3984127967784097, 0.3423834971311991, 0.38296751091856135, 0.4843726254670284, 0.5311308270613474, 0.5535203993461377, 0.6505901227302247, 0.6599277570488414, 0.6742347064038903, 0.7690324322862914, 0.8620572858629544, 0.8727794710341099, 0.8727794710341099, 0.8727794710341099, 0.8727794710341099, 0.8727794710341099, 0.8727794710341099, 0.8727794710341099, 0.8727794710341099, 0.8727794710341099, 0.8727794710341099, 0.8727794710341099, 0.8727794710341099, 0.8727794710341099, 0.8727794710341099, 0.8727794710341099, 0.8727794710341099, 0.8727794710341099, 0.8727794710341099, 0.8727794710341099, 0.8727794710341099, 0.8727794710341099, 0.8727794710341099, 0.8727794710341099, 0.8727794710341099, 0.8727794710341099, 0.8832975220407809, 0.8832975220407809, 0.8843859630908103, 0.8843859630908103, 0.8843859630908103, 0.8843859630908103, 0.8843859630908103, 0.8843859630908103, 0.8843859630908103, 0.8843859630908103, 0.8843859630908103, 0.8843859630908103, 0.8843859630908103, 0.8843859630908103, 0.8843859630908103, 0.8451385104823572, 0.8451385104823572, 0.8451385104823572]
