score: 0.7242231604706425
Duration: 42.04182052612305
timestamps: [16.999672412872314, 20.205984354019165, 23.511263370513916, 27.126991033554077, 30.559512615203857, 34.49833536148071, 39.53926944732666, 42.04182052612305]
nauc_scores: [0.02642050885570546, 0.3267062327640966, 0.5344743171528354, 0.6357905270017707, 0.7479003562078295, 0.7911947634474927, 0.8156832962097524, 0.8156832962097524]
accuracy: [0.038019271478366035, 0.29343527199761393, 0.46624885322201237, 0.5639280079719501, 0.6731613653136831, 0.7499706948487601, 0.7775085626082913, 0.7775085626082913]
alc_std: 0.0009191887124110718
alc_mean: 0.7249174780808472
nauc_mean: 0.8149033957838834
nauc_var: 3.539726258961379e-06
alc_var: 8.449078890239241e-07
nauc_std: 0.001881416024956038
