score: -0.03802595651608395
Duration: 685.3222794532776
timestamps: [27.48644256591797, 45.720643520355225, 65.25314736366272, 87.01187086105347, 114.50532221794128, 146.92117428779602, 196.2416865825653, 276.9971036911011, 420.70072865486145, 685.3222794532776]
nauc_scores: [-0.04867552989735424, -0.019308021535723086, -0.0034823812245761143, -0.04837829866137311, -0.03149751373679921, -0.01736644769510698, -0.026948307118722314, -0.06511858997135245, -0.06048324455799203, -0.05392666282516956]
accuracy: [0.31063238223308537, 0.32754318099361135, 0.3529310087297634, 0.3184803701145741, 0.31165216841307675, 0.3228595769991525, 0.3202361276719102, 0.3047559283199709, 0.30970413556646775, 0.30352449895625994]
nauc_mean: -0.03808369407732911
nauc_std: 0.04422428715889088
alc_std: 0.014561792833898397
nauc_var: 0.0019557875747120406
alc_var: 0.0002120458105373747
alc_mean: -0.005698899600815605
