score: 0.6994666392725801
Duration: 196.9289734363556
timestamps: [57.64648222923279, 69.87376809120178, 82.96363973617554, 111.10759663581848, 139.40746235847473, 168.39837431907654, 196.9289734363556]
nauc_scores: [3.1011846405082366e-05, 0.8095401476715685, 0.9232178651960783, 0.9399486872957519, 0.9444304642565362, 0.9449906899509801, 0.9449906899509801]
accuracy: [0.055556441024780565, 0.3171410243453104, 0.5867898920191043, 0.655095744350994, 0.6755669262845385, 0.6911874172529715, 0.6911874172529715]
alc_std: 0.0006031070578090897
nauc_mean: 0.9448645343653765
nauc_std: 0.00048714262206305073
nauc_var: 2.373079342304643e-07
alc_var: 3.637381231791367e-07
alc_mean: 0.6995457485101915
