score: 0.8458149973709549
Duration: 131.58244061470032
timestamps: [8.297494649887085, 9.559824466705322, 10.440361261367798, 12.454809665679932, 14.709120512008667, 25.650646924972534, 37.68422508239746, 48.40121674537659, 64.34085083007812, 80.70312595367432, 96.26178860664368, 112.86694025993347, 128.22823238372803, 131.58244061470032]
nauc_scores: [0.14166688561102192, 0.48379213883866856, 0.6103310306063932, 0.7366429305001994, 0.7661558893465514, 0.8267008510914973, 0.8492527439051589, 0.8754644026961045, 0.8784246696991966, 0.8973345188784094, 0.8989512339329624, 0.902824327729739, 0.9093810409180012, 0.9122796570794656]
accuracy: [0.4705442427932714, 0.592872025188601, 0.5860320895980324, 0.6471631053885326, 0.6356914830354246, 0.6862635250752103, 0.7051391791482676, 0.7204999495861475, 0.7462142457882011, 0.7420730443560022, 0.7787119878558054, 0.7831555965300921, 0.7926050178053099, 0.7914761089806421]
alc_mean: 0.8447100974110457
nauc_var: 4.783829493609089e-05
nauc_std: 0.006916523327228131
alc_std: 0.005111814602141671
nauc_mean: 0.9118461510152969
alc_var: 2.613064852666881e-05
