score: 0.8259965096005718
Duration: 1012.0549430847168
timestamps: [10.316676139831543, 13.571148157119751, 21.510935068130493, 28.60128164291382, 38.65129041671753, 50.17061758041382, 66.9583375453949, 81.44260239601135, 99.93523955345154, 118.46166849136353, 139.1502423286438, 161.90790557861328, 207.62916326522827, 236.00587677955627, 425.74809408187866, 756.2674841880798, 788.9913737773895, 961.5788176059723, 1012.0549430847168]
nauc_scores: [0.32655946094367594, 0.5503472624573453, 0.6645528805537824, 0.7940627391889652, 0.8789000648477987, 0.8863644945468647, 0.8940999207380749, 0.8879775423755742, 0.8981014207249045, 0.8981708741785819, 0.9002188298115819, 0.9054334452464237, 0.9041636450545603, 0.9121134288393067, 0.9091400668207839, 0.9060123636427653, 0.908791171489266, 0.9143557243007805, 0.9143557243007805]
nauc_mean: 0.913958696738538
alc_mean: 0.8233269611029632
alc_std: 0.0037266565145803736
nauc_std: 0.006645711716844909
alc_var: 1.3887968777664338e-05
nauc_var: 4.416548422340971e-05
