score: 0.664799989891814
Duration: 77.36414670944214
timestamps: [8.121597528457642, 17.56474995613098, 24.94970440864563, 32.632810831069946, 47.48546862602234, 51.502684116363525, 52.24892711639404, 52.97953009605408, 53.69285273551941, 54.40703201293945, 55.13700199127197, 55.8577823638916, 56.57053208351135, 57.291017055511475, 58.42175054550171, 59.16081523895264, 59.88526725769043, 60.618207693099976, 62.14286398887634, 62.93517279624939, 64.7621374130249, 65.94304013252258, 66.63237595558167, 67.27759861946106, 68.28626465797424, 70.2712631225586, 70.944020986557, 71.93133854866028, 73.27371978759766, 74.01527380943298, 74.66941928863525, 76.35526251792908, 77.36414670944214]
nauc_scores: [0.3516703848636482, 0.575356406204919, 0.6286960155896171, 0.6250313631961291, 0.6733166655645644, 0.6781495288093686, 0.6856463451126822, 0.6941388758037956, 0.6887461425322681, 0.6843885546786832, 0.6939216162718627, 0.6898701245165644, 0.6976514247937071, 0.7008232064223132, 0.6955799238262024, 0.7047122969678796, 0.7094765323562964, 0.708478406375556, 0.7207758929875723, 0.7129623882869247, 0.7132603326625186, 0.7152538152632286, 0.7132922942366378, 0.7113111178978067, 0.7187645951740802, 0.7123119575228496, 0.7247204377672536, 0.7238085347287828, 0.7251941087529388, 0.7182898369311466, 0.7224107416724053, 0.7280188126232254, 0.7247079873098414]
accuracy: [0.24971436427563895, 0.2913145384191779, 0.33877296868685086, 0.3303283385326458, 0.38982407896725524, 0.3893901904351755, 0.4038780048290507, 0.41795337963834556, 0.42006662912992837, 0.40878608121709226, 0.41724608971232596, 0.41159644863276734, 0.420685139601643, 0.42572415755968335, 0.42075076656353255, 0.43849377669923106, 0.444388826150273, 0.4451512599550291, 0.437649379556827, 0.4420012302463001, 0.44297932269613083, 0.4645636481956937, 0.4618915817308341, 0.4657386799135548, 0.46492334346859265, 0.4621850091095738, 0.4714170967638533, 0.47185515367126457, 0.4745134728389999, 0.46793248712790275, 0.48052639563823285, 0.47629204582238205, 0.4860025363293125]
