score: 0.9231254673125363
Duration: 46.528528690338135
timestamps: [14.705183506011963, 18.885132312774658, 26.09686803817749, 35.459150075912476, 46.528528690338135]
nauc_scores: [0.9641136796788894, 0.9852688775672125, 0.99608802366916, 0.9354883378196857, 0.9983334259898038]
accuracy: [0.5406093477758345, 0.8687351556731608, 0.9119841252210118, 0.7553125905500848, 0.9585838986217105]
alc_mean: 0.9230371341066143
nauc_std: 0.00011984709866159218
nauc_mean: 0.9983114055505175
alc_var: 2.8169904598382976e-09
alc_std: 5.307532816514937e-05
nauc_var: 1.436332705760141e-08
