score: 0.38112100013722056
Duration: 957.0301887989044
timestamps: [28.0270779132843, 51.53813624382019, 74.90668177604675, 98.95588684082031, 123.47541666030884, 148.85046648979187, 177.03271961212158, 210.00453114509583, 253.07993149757385, 318.61585330963135, 422.54743218421936, 608.1190133094788, 957.0301887989044]
nauc_scores: [0.0669360403806154, 0.07878731365966174, 0.10682279407293915, 0.1665364118346122, 0.22380286026495932, 0.3121054091573585, 0.40751822045165764, 0.4905080361510257, 0.563816011968209, 0.6021294063482914, 0.6516962062222358, 0.6694575805816068, 0.6878432761296795]
nauc_mean: 0.6889532053786513
alc_std: 0.0025230551554519575
alc_mean: 0.38302743528019445
nauc_var: 6.765504051381081e-06
nauc_std: 0.0026010582560529244
alc_var: 6.3658073174527004e-06
