score: 0.9115306524471251
Duration: 8.194716215133667
timestamps: [4.323575496673584, 4.512399435043335, 5.883114337921143, 8.194716215133667]
nauc_scores: [0.7363882528494179, 0.852633735136314, 0.9432933130995302, 0.9335029313658318]
alc_std: 0.015497448263616676
alc_var: 0.00024017090268347555
nauc_var: 0.00021934532543516294
nauc_std: 0.014810311456386154
alc_mean: 0.9190499186344695
nauc_mean: 0.924106431698919
