score: 0.07129841072927035
Duration: 309.6694049835205
timestamps: [108.87857127189636, 146.87688899040222, 186.63481950759888, 228.9487223625183, 281.6861870288849, 309.6694049835205]
nauc_scores: [0.01517418698937023, 0.006168481369446921, 0.011074774072038274, 0.04207695092395647, 0.16314740013399742, 0.15596710430163596]
accuracy: [0.09423431136679553, 0.09375131138440529, 0.09411204321614848, 0.09819770493972092, 0.10158728154970176, 0.10119944410009363]
nauc_mean: 0.1554071815431025
alc_mean: 0.06856629390382422
nauc_var: 0.00018162726399513848
alc_std: 0.008931049326209771
nauc_std: 0.013476915967503044
alc_var: 7.976364206719199e-05
