score: 0.2834630320663062
Duration: 812.5784034729004
timestamps: [47.229522705078125, 83.73988556861877, 120.43302202224731, 156.887601852417, 195.67817783355713, 236.37958979606628, 276.32629013061523, 322.7368426322937, 382.1098310947418, 466.736661195755, 595.0626356601715, 812.5784034729004]
nauc_scores: [0.04698998422392964, 0.05298366208848826, 0.06773097441942277, 0.10760882942188976, 0.17912320938148651, 0.2702925768776945, 0.36462050043931593, 0.4454979375901893, 0.5138251724285818, 0.5724882353853815, 0.6216616503834207, 0.658528822261395]
accuracy: [0.10113302397679609, 0.10095371365425547, 0.101569263883826, 0.10589815695388649, 0.11488772396684252, 0.1264727622509417, 0.1423607081010658, 0.16591872827289714, 0.19352497148969877, 0.23001506395925486, 0.2548149987704098, 0.2919705084057892]
nauc_mean: 0.6567234043061345
nauc_std: 0.0020559018526005225
alc_var: 2.674700932836226e-07
alc_std: 0.0005171751089173014
alc_mean: 0.28276374458177267
nauc_var: 4.22673242752626e-06
