score: -0.03277519807006668
Duration: 87.14346837997437
timestamps: [28.949941635131836, 36.73379898071289, 46.74737882614136, 61.124483823776245, 82.56896996498108, 87.14346837997437]
nauc_scores: [-0.0013012817362848539, -0.0023957115957339292, 0.003364856988008036, -0.012963475536235447, -0.004563703232083327, -0.04545259103577559]
accuracy: [0.32912876419677983, 0.3351361068204585, 0.33369254247868213, 0.3427092865819022, 0.3513715227848103, 0.3523895825058126]
nauc_var: 0.00042313338829850665
alc_var: 0.00014422936173899903
nauc_mean: -0.04779976777425462
alc_std: 0.012009552936683323
alc_mean: -0.03390858788672423
nauc_std: 0.02057020632610443
