score: 0.7423326729605314
Duration: 1012.7326333522797
timestamps: [11.771668195724487, 14.159751415252686, 17.906257390975952, 20.513777494430542, 23.498607397079468, 26.52472233772278, 30.837995290756226, 39.1347119808197, 47.377630949020386, 59.47870111465454, 75.9292323589325, 352.2499215602875, 1012.7326333522797]
nauc_scores: [0.2653491096888856, 0.4520442900791477, 0.5336637090432299, 0.6301219672814087, 0.6643392424527568, 0.6984918712471653, 0.7299541671724665, 0.7543161825049591, 0.7722038453379592, 0.7881074976789306, 0.8068507530139244, 0.8259516531880544, 0.8557451258295767]
accuracy: [0.017911499469141924, 0.05006945986129399, 0.050720865070357925, 0.06996284460598655, 0.07229284127655124, 0.07299296033560618, 0.08992253730454335, 0.10828283353719302, 0.11425540421385885, 0.12339381384626726, 0.12713177932322875, 0.1549801845712907, 0.19777521675610676]
nauc_mean: 0.8568867791453748
nauc_std: 0.005456750391948298
alc_mean: 0.7426811650044216
alc_var: 2.8154555545823434e-05
alc_std: 0.0053060866508024005
nauc_var: 2.977612484002791e-05
