score: 0.8589240937116329
Duration: 16.257914543151855
timestamps: [4.216318845748901, 5.65339207649231, 9.435646533966064, 16.257914543151855]
nauc_scores: [0.6217894112642754, 0.8072032951006411, 0.8624561520796077, 0.882507727201826]
alc_mean: 0.8659760175104481
nauc_std: 0.021609530583243223
alc_var: 7.226037672121972e-05
nauc_var: 0.00046697181202812416
nauc_mean: 0.880677382934226
alc_std: 0.008500610373450821
