score: 0.8937265310681737
Duration: 447.29091358184814
timestamps: [10.687271356582642, 35.41584920883179, 45.369471311569214, 48.553608894348145, 51.9478075504303, 56.186134338378906, 60.18445038795471, 74.70173382759094, 80.56588697433472, 83.97773623466492, 87.37651538848877, 92.04192328453064, 96.59346652030945, 101.24953269958496, 118.63785076141357, 179.48312997817993, 184.16214108467102, 188.77025532722473, 196.15101790428162, 202.78644371032715, 209.33163475990295, 228.50584483146667, 233.98942232131958, 237.68740725517273, 241.19578504562378, 246.85117626190186, 267.7725110054016, 274.88193130493164, 279.43260741233826, 284.3695442676544, 290.88465905189514, 297.0200762748718, 320.87833619117737, 325.60398149490356, 328.6982102394104, 331.8967270851135, 336.1646761894226, 340.4033114910126, 358.35100269317627, 364.6700758934021, 369.1776237487793, 373.70303201675415, 379.9461817741394, 386.0820789337158, 392.285879611969, 412.6854159832001, 417.42343068122864, 420.51201272010803, 423.39778876304626, 427.4659650325775, 447.29091358184814]
nauc_scores: [0.767279159927986, 0.9068706495830703, 0.9427213224686255, 0.9445057345709764, 0.9510154584236794, 0.9510154584236794, 0.9510154584236794, 0.9571647187458268, 0.9571647187458268, 0.9571647187458268, 0.9571647187458268, 0.9571647187458268, 0.9571647187458268, 0.9571647187458268, 0.9633936659936491, 0.9633936659936491, 0.9633936659936491, 0.9633936659936491, 0.9633936659936491, 0.9633936659936491, 0.9633936659936491, 0.9708731067756053, 0.9708731067756053, 0.9708731067756053, 0.9708731067756053, 0.9708731067756053, 0.9741781996213361, 0.9741781996213361, 0.9741781996213361, 0.9741781996213361, 0.9741781996213361, 0.9741781996213361, 0.9741065589023366, 0.9741065589023366, 0.9741065589023366, 0.9741065589023366, 0.9741065589023366, 0.9741065589023366, 0.9741329958938616, 0.9741329958938616, 0.9741329958938616, 0.9741329958938616, 0.9741329958938616, 0.9741329958938616, 0.9741329958938616, 0.9744263125528037, 0.9744263125528037, 0.9744263125528037, 0.9744263125528037, 0.9744263125528037, 0.9742005747749554]
accuracy: [0.37470094257901104, 0.5141767871089211, 0.6099960063332566, 0.7247104572499845, 0.7467984228731263, 0.7467984228731263, 0.7467984228731263, 0.7370805484058098, 0.7370805484058098, 0.7370805484058098, 0.7370805484058098, 0.7370805484058098, 0.7370805484058098, 0.7370805484058098, 0.7545485873813527, 0.7545485873813527, 0.7545485873813527, 0.7545485873813527, 0.7545485873813527, 0.7545485873813527, 0.7545485873813527, 0.7700815263386597, 0.7700815263386597, 0.7700815263386597, 0.7700815263386597, 0.7700815263386597, 0.7900687766677111, 0.7900687766677111, 0.7900687766677111, 0.7900687766677111, 0.7900687766677111, 0.7900687766677111, 0.7876675719736519, 0.7876675719736519, 0.7876675719736519, 0.7876675719736519, 0.7876675719736519, 0.7876675719736519, 0.7831430143626663, 0.7831430143626663, 0.7831430143626663, 0.7831430143626663, 0.7831430143626663, 0.7831430143626663, 0.7831430143626663, 0.7881855226867308, 0.7881855226867308, 0.7881855226867308, 0.7881855226867308, 0.7881855226867308, 0.7881084120000151]
nauc_mean: 0.9742756818157001
alc_std: 0.0004282497046808997
nauc_std: 0.0003727871859045982
nauc_var: 1.3897028597466946e-07
alc_var: 1.833978095592778e-07
alc_mean: 0.8935755949412482
