score: 0.6076137407476303
Duration: 337.657910823822
timestamps: [22.339980602264404, 38.86038875579834, 57.05180859565735, 74.49002695083618, 92.70180344581604, 113.73177933692932, 142.0780508518219, 184.34611654281616, 246.1998541355133, 337.657910823822]
nauc_scores: [0.5674092334549663, 0.5905205694383981, 0.6140463217012109, 0.6405228187162995, 0.6547312687014559, 0.6664545162172102, 0.687010420119627, 0.687658131724814, 0.7108126699300332, 0.7137435927474627]
accuracy: [0.40418164444377874, 0.41728114738295324, 0.43948155942017597, 0.4713490492941515, 0.5043882956280065, 0.5226712878645995, 0.5447125505465442, 0.560356021042035, 0.580974283692913, 0.5984472832328538]
nauc_std: 0.008530437879143865
nauc_mean: 0.7127655681216545
alc_mean: 0.6051320521317775
alc_std: 0.01050097125622311
alc_var: 0.00011027039732402397
nauc_var: 7.276837040993248e-05
