score: 0.8861190306109459
Duration: 239.2562861442566
timestamps: [6.841181039810181, 9.452701091766357, 11.715184450149536, 34.68322992324829, 35.90993070602417, 37.12588834762573, 39.31220054626465, 41.472870111465454, 46.937066078186035, 50.269418716430664, 53.423182010650635, 61.25327682495117, 68.50897884368896, 75.73446583747864, 82.94393944740295, 95.68638634681702, 99.33908581733704, 103.18119931221008, 109.08538317680359, 114.72778296470642, 120.38789248466492, 126.02799892425537, 135.68540263175964, 141.10356450080872, 146.64590644836426, 158.0192654132843, 169.3542501926422, 172.55080199241638, 173.87389397621155, 175.18545770645142, 177.66579723358154, 180.07084321975708, 182.48140788078308, 184.893639087677, 190.916419506073, 194.68491053581238, 198.7755012512207, 206.64643931388855, 215.17879223823547, 223.14874792099, 231.12489366531372, 238.8867528438568, 239.2562861442566]
nauc_scores: [0.00695443104640181, 0.8494759871770845, 0.8614515086945407, 0.8614515086945407, 0.913415710772904, 0.913415710772904, 0.913415710772904, 0.913415710772904, 0.913415710772904, 0.9244413577411965, 0.9244413577411965, 0.9185174563353453, 0.9185174563353453, 0.9185174563353453, 0.9185174563353453, 0.9317953318581993, 0.9317953318581993, 0.9317953318581993, 0.9317953318581993, 0.9317953318581993, 0.9317953318581993, 0.9317953318581993, 0.9378745360821519, 0.9378745360821519, 0.9378745360821519, 0.9378745360821519, 0.9378745360821519, 0.9452349085757299, 0.9452349085757299, 0.9452349085757299, 0.9452349085757299, 0.9452349085757299, 0.9452349085757299, 0.9452349085757299, 0.9468384483851495, 0.9468384483851495, 0.9468384483851495, 0.9468384483851495, 0.9468384483851495, 0.9468384483851495, 0.9468384483851495, 0.9468384483851495, 0.9470590501908562]
accuracy: [0.5020397149220892, 0.6600328128842848, 0.6798498122168753, 0.6798498122168753, 0.8541132518559382, 0.8541132518559382, 0.8541132518559382, 0.8541132518559382, 0.8541132518559382, 0.8495492919800886, 0.8495492919800886, 0.8303021152990591, 0.8303021152990591, 0.8303021152990591, 0.8303021152990591, 0.8422076849279178, 0.8422076849279178, 0.8422076849279178, 0.8422076849279178, 0.8422076849279178, 0.8422076849279178, 0.8422076849279178, 0.8518430349763126, 0.8518430349763126, 0.8518430349763126, 0.8518430349763126, 0.8518430349763126, 0.8582510493638995, 0.8582510493638995, 0.8582510493638995, 0.8582510493638995, 0.8582510493638995, 0.8582510493638995, 0.8582510493638995, 0.8597775285094665, 0.8597775285094665, 0.8597775285094665, 0.8597775285094665, 0.8597775285094665, 0.8597775285094665, 0.8597775285094665, 0.8597775285094665, 0.8589990585834962]
alc_var: 1.0914363859955735e-05
alc_std: 0.003303689431522844
alc_mean: 0.889001730615133
nauc_mean: 0.9482335337820939
nauc_var: 1.098519050058567e-05
nauc_std: 0.0033143914223557947
