score: 0.883269418806849
Duration: 41.51240420341492
timestamps: [5.106189727783203, 6.245899438858032, 9.733760595321655, 12.5893874168396, 13.687073230743408, 14.440696477890015, 24.58440613746643, 28.49851942062378, 30.500861644744873, 32.83566951751709, 35.00778675079346, 37.22280287742615, 39.41927146911621, 41.51240420341492]
nauc_scores: [0.7626091450275299, 0.8594204715676383, 0.9159763165339441, 0.9057259257610755, 0.9074430573166687, 0.9068877068069683, 0.920047089347166, 0.9241873375164951, 0.9218173922697088, 0.9177608885835633, 0.9183245348171929, 0.9149163870163568, 0.9087357272116632, 0.9087357272116632]
nauc_var: 0.00025777371687189197
nauc_std: 0.016055332972937434
nauc_mean: 0.9155046194649852
alc_std: 0.015501064411394894
alc_var: 0.00024028299788621333
alc_mean: 0.8791277709744814
