score: 0.8697980185418921
Duration: 189.7182650566101
timestamps: [8.952513933181763, 10.1522536277771, 13.891856908798218, 19.818150281906128, 25.59153461456299, 31.567595958709717, 37.174760580062866, 42.215734004974365, 55.154964447021484, 64.63404679298401, 76.43367457389832, 87.17434167861938, 87.90979480743408, 129.98336052894592, 139.84204006195068, 144.6437168121338, 155.14316821098328, 163.90085530281067, 173.6719753742218, 180.10259532928467, 182.60401439666748, 185.2797384262085, 187.74981951713562, 189.7182650566101]
nauc_scores: [0.7657871469044619, 0.7708392496317127, 0.8230322844607072, 0.8653238590186982, 0.8775260816772454, 0.8965390911764044, 0.8962396492776403, 0.9013564747477472, 0.9064427447410908, 0.9114797365468235, 0.9129096341449148, 0.9198133404061903, 0.9177828806538986, 0.9098356685888227, 0.912028132137733, 0.9143975095874453, 0.9158848216013791, 0.9185413517692091, 0.9188415687025346, 0.9242440839470252, 0.9248208267625604, 0.9252421867734715, 0.9252421867734715, 0.9252421867734715]
accuracy: [0.6331314337898016, 0.6442393234571029, 0.6331260414122207, 0.6600728836515565, 0.6759175983902594, 0.6917773976097923, 0.6908686643190717, 0.7101806625274725, 0.7132571000037412, 0.7206979872997759, 0.7420392035904902, 0.7495334851969956, 0.7592654120741186, 0.7505244472899351, 0.7379320754902462, 0.7414351564144043, 0.7502076450412115, 0.7544332199813671, 0.7582085815245214, 0.7670845136353311, 0.7715617856508722, 0.7737901990616168, 0.7737901990616168, 0.7737901990616168]
alc_mean: 0.8703310607779784
alc_std: 0.0031941053516798346
alc_var: 1.020230899762976e-05
nauc_mean: 0.9278515039833997
nauc_std: 0.0035112823736263687
nauc_var: 1.2329103907339227e-05
