score: 0.9201549861796069
Duration: 44.177274227142334
timestamps: [15.321603536605835, 19.380422115325928, 26.746716737747192, 35.43735218048096, 44.177274227142334]
nauc_scores: [0.954476950593617, 0.9911038774588539, 0.9969926531177462, 0.9595477327951416, 0.9965271338554624]
accuracy: [0.8115254419965969, 0.9128381662806997, 0.9489991094425542, 0.8541781638128603, 0.9365403679195043]
alc_std: 0.00010915477095526413
alc_mean: 0.9199192215174202
nauc_mean: 0.9963906573552205
nauc_var: 8.669405020967893e-08
nauc_std: 0.0002944385338397115
alc_var: 1.1914764022296174e-08
