score: 0.7513054458326799
Duration: 572.2578477859497
timestamps: [17.606096029281616, 79.76032376289368, 101.44992280006409, 113.37292003631592, 125.42383790016174, 137.59248161315918, 149.07287621498108, 160.54496598243713, 172.66464972496033, 172.66906476020813, 293.28637623786926, 332.8881301879883, 375.06990814208984, 422.54905366897583, 471.541127204895, 520.6030790805817, 572.2536339759827, 572.2578477859497]
nauc_scores: [0.7853417463595871, 0.7958960735737479, 0.7958960735737479, 0.7829409064472665, 0.8271286337620138, 0.8099416500782186, 0.8099416500782186, 0.8099416500782186, 0.8383938037710372, 0.8383938037710372, 0.8383938037710372, 0.8383938037710372, 0.8383938037710372, 0.8383938037710372, 0.8383938037710372, 0.8383938037710372, 0.8384478858249165, 0.8384478858249165]
accuracy: [0.3502132967349695, 0.3583630980189997, 0.3583630980189997, 0.5165722662595519, 0.5304258968590788, 0.5467479242501967, 0.5467479242501967, 0.5467479242501967, 0.5244909512870178, 0.5244909512870178, 0.5244909512870178, 0.5244909512870178, 0.5244909512870178, 0.5244909512870178, 0.5244909512870178, 0.5244909512870178, 0.5310566750058537, 0.5310566750058537]
