score: 0.4515550953127923
Duration: 851.4591119289398
timestamps: [10.614844560623169, 12.875759363174438, 19.72093439102173, 26.59318470954895, 35.51636862754822, 44.8595290184021, 58.3466055393219, 72.7801284790039, 90.11128520965576, 111.15979361534119, 132.13099479675293, 154.76094460487366, 269.89032196998596, 340.3092420101166, 374.05344462394714, 607.5586893558502, 851.4591119289398]
nauc_scores: [0.05859768492012085, 0.20154136627748342, 0.31745944665547676, 0.3209379618587611, 0.37670599718018405, 0.4114843233952792, 0.3761449277276727, 0.4494700980062183, 0.4438683431953887, 0.48688847665706025, 0.5093560002497739, 0.5239112282129714, 0.4995458443354186, 0.5231286847690042, 0.5421308442399695, 0.5347332824735291, 0.5519597603006547]
nauc_mean: 0.5494438145863482
nauc_var: 7.569954806855993e-05
alc_var: 1.1060846689714673e-05
alc_mean: 0.4552872125042275
nauc_std: 0.008700548722268034
alc_std: 0.0033257851238038022
