score: 0.8389617491537036
Duration: 103.6688871383667
timestamps: [7.67332649230957, 8.978017807006836, 13.019860982894897, 18.412606954574585, 25.336240530014038, 35.59095644950867, 46.89332175254822, 66.52386689186096, 81.36282014846802, 99.70707201957703, 103.6688871383667]
nauc_scores: [0.5831771814492419, 0.7654256558029602, 0.8229333070747162, 0.8219598760227054, 0.8330172159555782, 0.8657133477356234, 0.8551600752353354, 0.8813371388682667, 0.8722959725137791, 0.8997921986667119, 0.8866419504662257]
accuracy: [0.6095233779248036, 0.5960617278581443, 0.634094184535699, 0.700188726126141, 0.6745231503397884, 0.7103463212721569, 0.7294469739384504, 0.7496668609874129, 0.7405134678625039, 0.7823490454069457, 0.7956546692854172]
alc_mean: 0.8333311021579821
alc_std: 0.008704281812995053
nauc_mean: 0.8838617395600453
nauc_var: 9.147192263985152e-05
alc_var: 7.576452188003645e-05
nauc_std: 0.009564095495124016
