score: 0.8346295636224254
Duration: 54.02201509475708
timestamps: [30.334007501602173, 37.34468865394592, 41.567110538482666, 45.60730481147766, 49.841145038604736, 54.02201509475708]
nauc_scores: [0.9393315894547711, 0.9393315894547711, 0.9592241938995971, 0.9632204699998705, 0.9655068056354597, 0.9655068056354597]
accuracy: [0.7490282373633436, 0.7490282373633436, 0.8409071790810235, 0.8505562407603251, 0.855431575733349, 0.855431575733349]
alc_std: 0.0011732554967918427
nauc_mean: 0.9656293013118201
nauc_var: 9.765870252021418e-07
alc_var: 1.3765284607522737e-06
nauc_std: 0.000988224177604526
alc_mean: 0.8346926369834854
