score: 0.3508994734697012
Duration: 1103.0276491641998
timestamps: [14.81147837638855, 127.21604752540588, 163.08279299736023, 184.7204098701477, 206.05114674568176, 227.39777946472168, 282.70816254615784, 299.0127694606781, 313.03817486763, 326.4833221435547, 339.8079979419708, 390.55304312705994, 477.3694224357605, 502.1212365627289, 526.5705072879791, 551.1464424133301, 614.9801387786865, 634.7168498039246, 652.1375136375427, 669.1504452228546, 686.3205008506775, 750.3201291561127, 777.3788003921509, 802.5026135444641, 827.7403652667999, 853.6120371818542, 936.9063787460327, 950.2768085002899, 962.2361764907837, 973.6664171218872, 985.0367937088013, 1049.116501569748, 1103.0276491641998]
nauc_scores: [0.06748335044367693, 0.2771459321124585, 0.531356826821566, 0.5432028271598286, 0.5432028271598286, 0.5432028271598286, 0.5442563438628198, 0.5442563438628198, 0.5442563438628198, 0.5442563438628198, 0.5442563438628198, 0.5570934064091599, 0.5570934064091599, 0.5570934064091599, 0.5570934064091599, 0.5570934064091599, 0.5613757238408388, 0.5613757238408388, 0.5613757238408388, 0.5613757238408388, 0.5613757238408388, 0.5632718650328747, 0.5632718650328747, 0.5632718650328747, 0.5632718650328747, 0.5632718650328747, 0.5648816714746936, 0.5648816714746936, 0.5648816714746936, 0.5648816714746936, 0.5648816714746936, 0.5650197190300721, 0.5650202395009019]
accuracy: [0.7412048267390838, 0.27493850975437334, 0.7853769742152221, 0.8078814467527745, 0.8078814467527745, 0.8078814467527745, 0.7856175123419167, 0.7856175123419167, 0.7856175123419167, 0.7856175123419167, 0.7856175123419167, 0.7887187979593798, 0.7887187979593798, 0.7887187979593798, 0.7887187979593798, 0.7887187979593798, 0.7877269339129566, 0.7877269339129566, 0.7877269339129566, 0.7877269339129566, 0.7877269339129566, 0.7914346019070095, 0.7914346019070095, 0.7914346019070095, 0.7914346019070095, 0.7914346019070095, 0.789220200515532, 0.789220200515532, 0.789220200515532, 0.789220200515532, 0.789220200515532, 0.7882258028435245, 0.7903818391414732]
nauc_mean: 0.5644953237589858
nauc_std: 0.002188515328865616
alc_mean: 0.3509176435087562
alc_std: 0.0012096365882131568
nauc_var: 4.7895993446797744e-06
alc_var: 1.4632206755439662e-06
