score: 0.04105767232300298
Duration: 159.7366065979004
timestamps: [54.656827449798584, 66.9635181427002, 80.61942434310913, 96.89971446990967, 119.03347516059875, 151.92671298980713, 159.7366065979004]
nauc_scores: [0.0492031037047973, 0.04993522292913677, 0.04890342067368203, 0.048137118005308066, 0.056691870280741075, 0.04530162904546464, 0.05266255898523253]
nauc_var: 0.00042878845740007695
nauc_mean: 0.05666203234339255
alc_var: 0.00020469238623258855
alc_mean: 0.03606708338179595
nauc_std: 0.020707207861034208
alc_std: 0.014307074691654775
