score: 0.156183047259839
Duration: 1003.5230360031128
timestamps: [29.323028087615967, 53.26362419128418, 77.64360475540161, 101.82498478889465, 127.1762912273407, 155.1669590473175, 189.60065960884094, 235.1192183494568, 300.6199119091034, 415.3210971355438, 627.4612483978271, 1003.5230360031128]
nauc_scores: [0.006723597441024243, 0.012950581600343902, 0.025812753858698523, 0.04073998322785788, 0.0732988405605004, 0.139052672417727, 0.21297192181333435, 0.266561158213648, 0.2738585900358985, 0.2804362168942043, 0.27274319849567075, 0.25475092903264174]
accuracy: [0.06428073541041855, 0.06967915730189723, 0.07898048779637239, 0.08516213987939332, 0.0990240979576784, 0.0931144926697683, 0.09140509884146647, 0.09899587347794017, 0.10182652853471565, 0.10963810043282292, 0.10699815168811024, 0.11696553542611543]
nauc_std: 0.020421707755801776
nauc_mean: 0.2525418670094172
alc_std: 0.015705829178766523
alc_mean: 0.15725390580881596
nauc_var: 0.0004170461476633744
alc_var: 0.0002466730701925939
