score: -1.040022138868448e-05
Duration: 899.976788520813
timestamps: [45.957260608673096, 90.15856456756592, 135.13990664482117, 179.7162880897522, 225.16535353660583, 270.1574628353119, 315.1344220638275, 366.3674907684326, 432.52415227890015, 520.964269399643, 662.8169031143188, 899.976788520813]
nauc_scores: [2.5046335720979584e-05, 2.5046335720979584e-05, 2.5046335720979584e-05, 2.5046335720979584e-05, 2.5046335720979584e-05, -5.0092671442181214e-05, -5.0092671442181214e-05, -5.0092671442181214e-05, -5.0092671442181214e-05, -5.0092671442181214e-05, -3.756950358169142e-05, -3.756950358169142e-05]
accuracy: [0.9948376771690478, 0.9968941784433053, 0.9978904652764077, 0.9981132282223069, 0.9981414966840468, 0.998143834127865, 0.9981417780586961, 0.9981428741934284, 0.9981480618003695, 0.9981458200539423, 0.9981452333138124, 0.9981447297590464]
nauc_std: 4.5172349582906263e-05
alc_std: 4.480042516938207e-05
alc_var: 2.0070780953574024e-09
nauc_mean: 3.38138731230897e-05
alc_mean: -3.701737857954517e-05
nauc_var: 2.0405411668402918e-09
