score: 0.6389726329694618
Duration: 166.13449358940125
timestamps: [66.47723460197449, 87.59307050704956, 107.14338231086731, 126.72554063796997, 146.37629747390747, 166.13449358940125]
nauc_scores: [0.2470805908533491, 0.8288766953237117, 0.8863246826419349, 0.8929330625469556, 0.8935441542585927, 0.8935441542585927]
accuracy: [0.11264035265323084, 0.39404229745664, 0.5520232310220031, 0.5242441625751154, 0.5445804307782172, 0.5445804307782172]
alc_mean: 0.6387291507985198
alc_var: 4.4363856340010416e-07
nauc_mean: 0.8938327705500695
nauc_var: 1.3154349799326367e-06
nauc_std: 0.0011469241386999564
alc_std: 0.0006660619816504348
