score: -0.0015181795302331106
Duration: 52.67583894729614
timestamps: [18.7247097492218, 21.416665077209473, 24.13058567047119, 27.29224681854248, 30.960269689559937, 35.27232909202576, 41.24342894554138, 50.657713651657104, 52.67583894729614]
nauc_scores: [0.0, 0.0, -9.999999999998899e-05, -0.01651338888888887, -0.0018579555555555682, -0.002447133333333462, -0.0022358222222222945, -0.00038566666666661753, -0.0014489000000000862]
accuracy: [0.09999999999999999, 0.09999999999999999, 0.09999999801397139, 0.0999849936035085, 0.10000000567539447, 0.0017857266365387296, 0.09999994732128469, 0.10000028200932107, 0.10000207779673903]
alc_std: 0.00032395422368606966
nauc_mean: -0.001369611145581251
nauc_var: 5.604927680486076e-08
alc_mean: -0.0014318435855482834
alc_var: 1.0494633904404405e-07
nauc_std: 0.0002367472846831844
