score: 0.8212326671887119
Duration: 1013.4144110679626
timestamps: [12.082489013671875, 15.843581438064575, 22.801290035247803, 29.416215419769287, 38.44266319274902, 50.641881465911865, 63.61021161079407, 81.57982754707336, 100.41358590126038, 117.73721098899841, 139.72006702423096, 162.7601444721222, 506.36228370666504, 566.1606254577637, 660.5167100429535, 713.4324822425842, 744.8945791721344, 779.9128041267395, 914.0932631492615, 1013.4144110679626]
nauc_scores: [0.33818192835130434, 0.5394255014124489, 0.7688283715572037, 0.8073870359173791, 0.8440007506394624, 0.8420902269494714, 0.8819792327438134, 0.878416924869363, 0.8981500345069797, 0.9013196828405672, 0.9026847692206901, 0.900174883896796, 0.8999404306451697, 0.918853904857462, 0.9318331008753578, 0.9332548433282761, 0.9321663103035074, 0.9335115460953511, 0.9359206108299978, 0.9384194528399648]
accuracy: [0.04135539856431875, 0.0637095341159026, 0.1065377711561848, 0.11942505065040397, 0.15148876433436373, 0.15021084352404565, 0.19829573842601814, 0.21830439139658156, 0.24533590917300765, 0.2565332808937484, 0.27559767929850904, 0.2879852090425949, 0.3729117480380961, 0.417105551563766, 0.4453380882824568, 0.4470843255430845, 0.4439656604748779, 0.4443476444084791, 0.45895189260275654, 0.46450323732064613]
alc_std: 0.0037933463045221557
alc_var: 1.4389476186031896e-05
nauc_mean: 0.9363336675509814
alc_mean: 0.8203534192400062
nauc_std: 0.0017160360474376404
nauc_var: 2.9447797161054e-06
