score: 0.7879414859406766
Duration: 174.04350590705872
timestamps: [18.104926347732544, 22.749783277511597, 33.116963624954224, 45.57802104949951, 59.632967472076416, 75.63332486152649, 94.41984128952026, 118.50516510009766, 145.18694472312927, 174.04350590705872]
nauc_scores: [0.5637641804529046, 0.702342907089681, 0.7976935539445251, 0.7490225625266844, 0.8230402211510046, 0.8580479346520113, 0.8395666057689075, 0.855580527991513, 0.899230690525672, 0.9004729482751763]
accuracy: [0.5678643343437788, 0.6587022621443022, 0.6176377255559434, 0.6204543104044113, 0.6902017181752517, 0.6725780415965317, 0.659480295273296, 0.674262344030462, 0.7510606485351338, 0.7598914871733599]
