score: 0.9470812718006053
Duration: 45.6062216758728
timestamps: [10.331390380859375, 10.364845752716064, 10.398205757141113, 16.878416538238525, 17.68809461593628, 18.402514457702637, 18.718162059783936, 18.9989275932312, 23.2573082447052, 23.77126932144165, 25.620840072631836, 27.076127529144287, 27.593562364578247, 29.039958715438843, 30.490232706069946, 30.994956970214844, 31.53495168685913, 32.03207445144653, 35.36677050590515, 36.23794865608215, 37.12495231628418, 37.91760301589966, 38.28268074989319, 38.66281032562256, 39.00846600532532, 39.28322410583496, 39.6063232421875, 39.88949728012085, 40.38850021362305, 40.9266562461853, 41.433454751968384, 41.76776885986328, 42.14739227294922, 42.49843215942383, 45.17273497581482, 45.6062216758728]
nauc_scores: [0.9975450112077766, 0.9975450112077766, 0.9975450112077766, 0.9983328780832785, 0.9991076273741331, 0.999228040489647, 0.999228040489647, 0.999228040489647, 0.999228040489647, 0.999228040489647, 0.999228040489647, 0.999228040489647, 0.999228040489647, 0.999228040489647, 0.999228040489647, 0.999228040489647, 0.999228040489647, 0.999228040489647, 0.999228040489647, 0.999228040489647, 0.999228040489647, 0.999228040489647, 0.999228040489647, 0.999228040489647, 0.999228040489647, 0.999228040489647, 0.999228040489647, 0.999228040489647, 0.999228040489647, 0.999228040489647, 0.999228040489647, 0.999228040489647, 0.999228040489647, 0.999228040489647, 0.9992881581574669, 0.9992881581574669]
accuracy: [0.6854472550656064, 0.6854472550656064, 0.6854472550656064, 0.6005694603682076, 0.6345578982504418, 0.7408457788182224, 0.7408457788182224, 0.7408457788182224, 0.7408457788182224, 0.7408457788182224, 0.7408457788182224, 0.7408457788182224, 0.7408457788182224, 0.7408457788182224, 0.7408457788182224, 0.7408457788182224, 0.7408457788182224, 0.7408457788182224, 0.7408457788182224, 0.7408457788182224, 0.7408457788182224, 0.7408457788182224, 0.7408457788182224, 0.7408457788182224, 0.7408457788182224, 0.7408457788182224, 0.7408457788182224, 0.7408457788182224, 0.7408457788182224, 0.7408457788182224, 0.7408457788182224, 0.7408457788182224, 0.7408457788182224, 0.7408457788182224, 0.7569396122966439, 0.7569396122966439]
