score: 0.08240456852563677
Duration: 857.1972737312317
timestamps: [619.8181509971619, 634.0242154598236, 638.9656918048859, 651.2302269935608, 694.9825110435486, 857.1972737312317]
nauc_scores: [0.25354071963684444, 0.24210168328097792, 0.3266016473654543, 0.3813746200065915, 0.4095785673978707, 0.4275222225398527]
accuracy: [0.2781994003834197, 0.2434504205554202, 0.3447923933728588, 0.3654540263751819, 0.3364439227185313, 0.36411437079421843]
alc_mean: 0.08234626211624528
nauc_mean: 0.42705835956888016
nauc_var: 1.2395058016509994e-06
alc_std: 0.00012146996833093806
alc_var: 1.4754953206319094e-08
nauc_std: 0.0011133309488427056
