score: -0.0022960579368148572
Duration: 813.3992266654968
timestamps: [205.07178497314453, 252.6167755126953, 299.91514134407043, 349.31013345718384, 405.6178572177887, 454.4029610157013, 505.5125024318695, 560.6081912517548, 615.8483204841614, 682.8559024333954, 765.5420019626617, 813.3992266654968]
nauc_scores: [-0.00039047617398113577, -0.00010774246493450157, -0.0001536691660296574, -0.0007178363423945289, -0.004761744381488686, -0.003310244736216883, -0.008164788220440089, -0.009479583060854946, -0.0092227742357891, -0.009030963547265847, -0.007051673765753885, -0.006059793845961781]
accuracy: [0.021410803379554165, 0.021233505035941604, 0.021241288842870545, 0.02077493334198486, 0.025538669948570878, 0.04278210718114974, 0.055600816458190205, 0.05181108757050693, 0.043312147680901296, 0.04890760879005857, 0.03880670170443951, 0.03878649856833121]
nauc_var: 1.1950853343965475e-06
nauc_mean: -0.00603387433478737
alc_var: 3.9366474611525014e-08
nauc_std: 0.0010931995858014891
alc_mean: -0.002282948315707754
alc_std: 0.00019840986520716406
