score: 0.6335754869573034
Duration: 190.52220392227173
timestamps: [88.45832538604736, 102.1174795627594, 114.65097165107727, 127.13727688789368, 139.64611148834229, 152.2876491546631, 164.85622572898865, 177.6950752735138, 190.52220392227173]
nauc_scores: [7.745549756177361e-05, 0.8479348019706603, 0.9331395190934848, 0.9397784026894913, 0.9386164231558682, 0.9447225241999146, 0.9452073834869477, 0.9449662721733456, 0.9449662721733456]
accuracy: [0.06667086181565324, 0.39684171978646465, 0.6582121638086355, 0.6876281302280884, 0.693660231471064, 0.7188382566335998, 0.7254710743602755, 0.7277518060654897, 0.7277518060654897]
alc_var: 5.422889029811694e-07
alc_mean: 0.6340328009367697
nauc_mean: 0.9446093425185664
alc_std: 0.0007364026771958189
nauc_var: 2.3562387844689946e-06
nauc_std: 0.00153500449004848
