score: 0.840509802067116
Duration: 1180.0201029777527
timestamps: [0.5551354885101318, 0.7746062278747559, 1.0886104106903076, 2.2375118732452393, 2.7595512866973877, 4.062422752380371, 5.860105514526367, 8.490473747253418, 82.44737839698792, 95.94313478469849, 158.5041036605835, 175.8336935043335, 241.24355268478394, 262.40158677101135, 321.88132333755493, 327.1289768218994, 352.91660952568054, 371.5485951900482, 390.0742621421814, 408.2874746322632, 426.2699556350708, 446.852335691452, 467.4022057056427, 490.5264813899994, 514.2020878791809, 540.7276532649994, 566.305989742279, 590.1083610057831, 614.8016459941864, 638.6552715301514, 660.7045948505402, 679.078672170639, 698.1465575695038, 716.9803416728973, 735.5806457996368, 755.3112964630127, 775.5125901699066, 794.2410714626312, 815.2258288860321, 836.4333574771881, 857.6291434764862, 876.1439039707184, 893.9153599739075, 912.2746300697327, 934.0698184967041, 956.0194487571716, 977.047322511673, 996.5344803333282, 1015.8780348300934, 1035.6984474658966, 1056.2239170074463, 1076.795480966568, 1094.7130789756775, 1112.443490743637, 1132.3945219516754, 1155.0220110416412, 1180.0201029777527]
nauc_scores: [0.7510213670886074, 0.7397403544303796, 0.7213277974683545, 0.7374019240506327, 0.7500678481012657, 0.7706726075949366, 0.8021055189873421, 0.8398647088607594, 0.8513207088607595, 0.8472708860759492, 0.8473020759493672, 0.8473020759493672, 0.8499848101265819, 0.8488364556962025, 0.8488364556962025, 0.8488364556962025, 0.8488364556962025, 0.8488364556962025, 0.8488364556962025, 0.8488364556962025, 0.8488364556962025, 0.8488364556962025, 0.8488364556962025, 0.8488364556962025, 0.8488364556962025, 0.8488364556962025, 0.8488364556962025, 0.8488364556962025, 0.8488364556962025, 0.8488364556962025, 0.8488364556962025, 0.8488364556962025, 0.8488364556962025, 0.8488364556962025, 0.8488364556962025, 0.8488364556962025, 0.8488364556962025, 0.8488364556962025, 0.8488364556962025, 0.8488364556962025, 0.8488364556962025, 0.8488364556962025, 0.8488364556962025, 0.8488364556962025, 0.8488364556962025, 0.8488364556962025, 0.8488364556962025, 0.8488364556962025, 0.8488364556962025, 0.8488364556962025, 0.8488364556962025, 0.8488364556962025, 0.8488364556962025, 0.8488364556962025, 0.8488364556962025, 0.8488364556962025, 0.8488364556962025]
accuracy: [0.9773698948208155, 0.9826090112485711, 0.9848579679600796, 0.9840205160127659, 0.9862992781849129, 0.9862376637050202, 0.9852523401476164, 0.9846057878606982, 0.9854420313808574, 0.9850208453271824, 0.981607879396733, 0.981607879396733, 0.9822929035954024, 0.9822823980736637, 0.9822823980736637, 0.9822823980736637, 0.9822823980736637, 0.9822823980736637, 0.9822823980736637, 0.9822823980736637, 0.9822823980736637, 0.9822823980736637, 0.9822823980736637, 0.9822823980736637, 0.9822823980736637, 0.9822823980736637, 0.9822823980736637, 0.9822823980736637, 0.9822823980736637, 0.9822823980736637, 0.9822823980736637, 0.9822823980736637, 0.9822823980736637, 0.9822823980736637, 0.9822823980736637, 0.9822823980736637, 0.9822823980736637, 0.9822823980736637, 0.9822823980736637, 0.9822823980736637, 0.9822823980736637, 0.9822823980736637, 0.9822823980736637, 0.9822823980736637, 0.9822823980736637, 0.9822823980736637, 0.9822823980736637, 0.9822823980736637, 0.9822823980736637, 0.9822823980736637, 0.9822823980736637, 0.9822823980736637, 0.9822823980736637, 0.9822823980736637, 0.9822823980736637, 0.9822823980736637, 0.9822823980736637]
nauc_mean: 0.8473424589289149
nauc_std: 0.022465181141399733
nauc_var: 0.0005046843637159023
alc_var: 0.0009548537440178058
alc_mean: 0.8320940759268991
alc_std: 0.030900707823896298
