score: 0.6013339007282661
Duration: 316.424352645874
timestamps: [94.18600296974182, 104.48155307769775, 114.5076892375946, 125.02809572219849, 135.24988412857056, 145.66923332214355, 156.04093885421753, 166.50353360176086, 177.8184678554535, 190.72529816627502, 205.98548460006714, 226.59208345413208, 256.8310534954071, 307.0759289264679, 316.424352645874]
nauc_scores: [-0.11205554221859282, -0.054833558273581495, 0.13279740401760787, 0.25937083911289505, 0.41181007173113304, 0.901042726665888, 0.959021428461666, 0.9715640912682921, 0.9849122651577638, 0.9894478748351743, 0.9905568152913133, 0.9968136777528045, 0.9971808086006815, 0.9972324555216583, 0.9972324555216583]
accuracy: [0.2819894781725787, 0.3001333085237979, 0.3225170297429011, 0.42301358545759615, 0.5157591256423586, 0.6577899503756368, 0.7647026325619071, 0.8169449784664886, 0.8805268535344621, 0.9095649861927068, 0.9102017784238301, 0.9443638703169532, 0.9550117453350164, 0.9591969465151217, 0.9591969465151217]
alc_mean: 0.6013490694248371
alc_std: 0.0001520255412930108
nauc_var: 5.507918202703861e-09
nauc_mean: 0.9972542215730318
alc_var: 2.311176520543293e-08
nauc_std: 7.421535018245121e-05
