score: 0.018550348180537236
Duration: 25.650257110595703
timestamps: [19.664111137390137, 25.650257110595703]
nauc_scores: [0.003020724286779908, 0.020924719172709327]
accuracy: [0.09999158480485881, 0.09998996181438818]
alc_var: 0.00037000473231287755
alc_std: 0.01923550707189383
nauc_var: 0.00031869176922423055
nauc_mean: 0.026160883838486006
nauc_std: 0.017851940208958535
alc_mean: 0.02879584835847141
