score: 0.00018532159405554164
Duration: 64.61543869972229
timestamps: [21.682552099227905, 24.52819037437439, 27.228222608566284, 30.133798599243164, 33.06574606895447, 35.87578749656677, 39.144038677215576, 42.672219038009644, 47.031413555145264, 53.01840877532959, 62.4512825012207, 64.61543869972229]
nauc_scores: [-0.012172900000000042, -0.007473822222222148, -0.0006563555555556544, -0.006299877777777851, -0.0010201444444444263, -0.00039766666666662953, -0.0003215222222221481, 8.888888888902713e-05, 0.0, -0.01665154444444439, 0.00015931111111111562, 0.0012199444444447316]
accuracy: [0.09566442519980893, 0.09664274181180724, 0.0975322207645249, 0.0958026303651842, 0.09863277761781304, 0.09959992315286441, 0.09989816599869403, 0.09999999999999988, 0.09999999999999988, 0.0805610045970876, 0.0998343104037296, 0.10002484466262637]
alc_mean: 0.0006926722519702281
nauc_mean: 0.0013455949919536137
nauc_std: 0.0008205115836106992
nauc_var: 6.732392588393373e-07
alc_var: 5.684129385112736e-07
alc_std: 0.0007539316537400944
