score: 0.2711429399402244
Duration: 32.09218645095825
timestamps: [15.307165622711182, 16.8002986907959, 18.50451421737671, 20.141441345214844, 21.802738666534424, 23.928444147109985, 26.887483835220337, 31.11786389350891, 32.09218645095825]
nauc_scores: [-0.07984040506329126, 0.05893711392405043, -0.1496623797468355, -0.12284192405063288, -0.09285994936708852, -0.19149731645569612, 0.3379937215189872, 0.313826835443038, 0.313826835443038]
accuracy: [0.16028960158675545, 0.801928127151048, 0.9599158118692638, 0.9720562304084371, 0.9536303429453945, 0.9771716206235753, 0.9725933027548608, 0.9868278947182635, 0.9868278947182635]
alc_mean: 0.2983764630589808
nauc_mean: 0.3415361913783695
alc_var: 0.0022611971633149062
nauc_std: 0.02543418091917621
alc_std: 0.047552046888802865
nauc_var: 0.0006468975590293874
