score: -0.0011054211400527752
Duration: 1162.173581123352
timestamps: [475.0663022994995, 499.109815120697, 523.800318479538, 548.3045253753662, 572.4331257343292, 596.9851176738739, 621.8026115894318, 647.0182504653931, 672.2288041114807, 703.6416149139404, 741.0453269481659, 777.5633862018585, 822.4657754898071, 882.022483587265, 966.1312141418457, 1133.0112507343292, 1162.173581123352]
nauc_scores: [-0.003643538850843786, -0.0021888422625073733, 0.0039778598932995735, 0.001926759047297999, -0.001902620596850424, 0.0025585177708937756, -0.00048318936499092136, 0.0010586970480710445, -0.030249750911251927, -0.00258434368182503, -0.04419402088130164, -0.0005063419077268039, 2.7609759567504e-05, 6.951056133042144e-05, -5.3874251317753696e-05, 0.0, 6.340859171061197e-08]
accuracy: [0.35440394346056525, 0.4216226144708829, 0.5372370219330708, 0.7450107746609712, 0.6886386899479445, 0.7941709847555756, 0.49303057460084754, 0.8182291096623799, 0.4466307081592401, 0.49391957930596925, 0.8549411276442264, 0.7002890085091351, 0.7753754225798751, 0.8019615105211282, 0.7795467537121455, 0.8189192369847399, 0.8189188472090849]
alc_std: 9.152119718505573e-05
alc_var: 8.376129534185851e-09
alc_mean: -0.001084884741511322
nauc_std: 5.920973433465846e-08
nauc_var: 3.505792639980833e-15
nauc_mean: 6.936353857955879e-08
