score: 0.9743209868204578
Duration: 1163.2540371418
timestamps: [1.8209099769592285, 5.601845026016235, 10.921653509140015, 16.486156463623047, 22.07080388069153, 27.77355408668518, 38.426796436309814, 49.007264375686646, 59.55107307434082, 70.24659276008606, 80.87932467460632, 185.01970100402832, 242.42087483406067, 302.04525780677795, 364.3209316730499, 427.1201665401459, 491.0476851463318, 557.3214819431305, 626.2481560707092, 697.480931520462, 768.9115707874298, 843.3178651332855, 919.7890322208405, 996.6140654087067, 1080.1829798221588, 1163.2540371418]
nauc_scores: [0.8184924339310187, 0.947968913574827, 0.9514122223750643, 0.9600770382596413, 0.9647020668500903, 0.9672755981989813, 0.9802868029316856, 0.9837304090826631, 0.9854807957670999, 0.9865105324226024, 0.9872860722665806, 0.9912177534154072, 0.9927749485618667, 0.993853612520494, 0.9946389277404541, 0.9952818736150637, 0.9958316437672603, 0.9962618554158111, 0.9966147273932371, 0.9968860924235894, 0.9971142995073627, 0.9973113362077186, 0.9974725331513405, 0.9976058955815723, 0.9977225655827595, 0.9978177322447721]
accuracy: [0.10301159177582261, 0.6583715902487898, 0.15978982357596594, 0.21781231417929509, 0.2734063197975217, 0.32582675434785613, 0.17293865414730325, 0.24296180653186863, 0.3099345084769924, 0.37294734888590503, 0.4314262644435904, 0.45516470605528064, 0.5864311912146823, 0.6843227404886917, 0.7549100214792762, 0.8053326458063444, 0.8416603846929207, 0.867943061940237, 0.8872650349035236, 0.9017045361146089, 0.9127365812790027, 0.9212751797146328, 0.9280010178433874, 0.9333722635290348, 0.9377501200860865, 0.9413409890518636]
nauc_std: 8.391334723885617e-05
alc_var: 6.973235046180394e-08
nauc_var: 7.04144984482885e-09
alc_mean: 0.974262638313261
nauc_mean: 0.9978215034139435
alc_std: 0.0002640688365972099
