score: 0.4377937131822234
Duration: 366.1475694179535
timestamps: [96.57007884979248, 171.88266706466675, 324.8700201511383, 326.26247549057007, 327.6947968006134, 329.11507391929626, 330.50229930877686, 333.51735281944275, 336.3625650405884, 337.8699655532837, 340.6532278060913, 343.4258372783661, 346.17612767219543, 348.99269008636475, 351.8840069770813, 354.6908526420593, 357.5046441555023, 358.87479543685913, 361.68548345565796, 364.68732261657715, 366.1475694179535]
nauc_scores: [0.6315844767527381, 0.6315844767527381, 0.6315844767527381, 0.6315844767527381, 0.6315844767527381, 0.6315844767527381, 0.6315844767527381, 0.8630883701291334, 0.8658533509622086, 0.6315844767527381, 0.8696240671402395, 0.8690118149156065, 0.8712048637489038, 0.8686671526208574, 0.8714272793306632, 0.8727004775783964, 0.8751172711144968, 0.6315844767527381, 0.8782401201758159, 0.8777408330244043, 0.6315844767527381]
accuracy: [0.9245990426259328, 0.9245990426259328, 0.9245990426259328, 0.9245990426259328, 0.9245990426259328, 0.9245990426259328, 0.9245990426259328, 0.7375239116589226, 0.7977361446503317, 0.9245990426259328, 0.8061806622746241, 0.7972663728861993, 0.7688355465077977, 0.8159322033767046, 0.8505997472318882, 0.7899074261638847, 0.8079481442670483, 0.9245990426259328, 0.783069164261858, 0.8394268865047994, 0.9245990426259328]
alc_var: 5.846311780518633e-06
nauc_var: 5.0089412707847485e-06
alc_mean: 0.4387521664940472
nauc_mean: 0.632778663261346
nauc_std: 0.002238066413399019
alc_std: 0.0024179147587370885
