score: -0.004558810519659575
Duration: 23.743510484695435
timestamps: [11.558213710784912, 16.024498462677002, 22.39755940437317, 23.743510484695435]
nauc_scores: [0.051462164101918395, -0.07339350067348294, 0.06852303377535551, -0.004498980313068723]
accuracy: [0.3380300327997744, 0.3344492303148558, 0.3438209021010142, 0.34049391251590816]
nauc_mean: 0.0061100694275914025
alc_mean: 0.006665527418692504
nauc_var: 0.0020151411343066012
alc_var: 0.0026267792001415284
alc_std: 0.05125211410411797
nauc_std: 0.044890323392760285
