score: 0.8562159159392997
Duration: 171.969074010849
timestamps: [19.969887256622314, 29.230680227279663, 34.85247254371643, 40.638957023620605, 45.71838665008545, 51.282777547836304, 56.54745578765869, 61.7326180934906, 66.90386748313904, 72.13266372680664, 77.12502884864807, 82.3495545387268, 87.82906818389893, 92.75145626068115, 97.18935775756836, 99.18041706085205, 101.17193150520325, 103.16740870475769, 105.17708969116211, 107.14422941207886, 109.15725517272949, 111.61172795295715, 113.60496854782104, 115.61988878250122, 117.60970711708069, 120.05652642250061, 122.08133792877197, 124.07897782325745, 126.07846903800964, 128.07153034210205, 130.07789540290833, 132.0865557193756, 134.04451036453247, 136.3600208759308, 138.2775719165802, 141.26791191101074, 143.54976677894592, 145.81119799613953, 148.43456721305847, 150.34181571006775, 153.6875810623169, 155.61723613739014, 157.93035459518433, 160.57838606834412, 163.57135319709778, 165.84084248542786, 167.75156021118164, 169.6643407344818, 171.969074010849]
nauc_scores: [0.8272153006535947, 0.8875710696486925, 0.9066437743055558, 0.9177114865196079, 0.9251941627859475, 0.9323072636846408, 0.934961276960784, 0.9371674395424836, 0.938572028594771, 0.9401822665441175, 0.9412510678104573, 0.9425743956290848, 0.9433514160539218, 0.9447215972222223, 0.9452451748366013, 0.9462372794117648, 0.9465983167892158, 0.9468105271650329, 0.9472255551470588, 0.9480209805964048, 0.9490170044934645, 0.9498901335784318, 0.9500385049019608, 0.9505200806781045, 0.9508886599264708, 0.9514768131127451, 0.9520371552287581, 0.9523853882761439, 0.9521810181781047, 0.9527267316176473, 0.9532103437500001, 0.9530005896650324, 0.9538544338235293, 0.9540530598447714, 0.954168547385621, 0.9543262943218953, 0.9543017918709151, 0.954830679738562, 0.9553419871323525, 0.9557228768382353, 0.9563405259395426, 0.956161536764706, 0.9566749481209149, 0.9564500653594774, 0.9571842428513075, 0.9569262959558824, 0.9573936648284311, 0.9575816979166665, 0.9576681444035948]
accuracy: [0.32188355997338874, 0.40164008114788713, 0.503542535031944, 0.5542758249304351, 0.5697010639216458, 0.5959812549627141, 0.6056508347826743, 0.6129190481732565, 0.6161558665136393, 0.6188946289880833, 0.6241040518976682, 0.6266391603125918, 0.6304061242601423, 0.6300654968191653, 0.636111661250214, 0.6361603608963072, 0.6404887220841541, 0.6439509450644109, 0.6470346107014066, 0.6472672558583876, 0.6509135970508813, 0.6546925750651212, 0.6557544209007344, 0.6564874610501467, 0.6569945481577506, 0.6555809984819262, 0.6601018825484131, 0.6669184687114271, 0.6624176766053408, 0.6642553366894499, 0.6695323158031369, 0.6656370763981118, 0.6686334696391604, 0.6677549739197765, 0.6751586539587889, 0.6836261862418372, 0.6798330068388999, 0.6818917639574114, 0.6838495761335956, 0.6833796184651747, 0.6916127975286149, 0.6927511840194942, 0.6922154578648048, 0.6927496445076449, 0.6972684000978755, 0.6927596412600062, 0.6928298249185624, 0.699784253197535, 0.6976632504967561]
alc_var: 2.7427887417625155e-07
nauc_mean: 0.9576497555475573
alc_std: 0.0005237164062507987
alc_mean: 0.8557745922595735
nauc_var: 2.826153703887674e-07
nauc_std: 0.0005316158108905033
