score: 0.2649565720160413
Duration: 716.7342393398285
timestamps: [16.159611463546753, 19.048980236053467, 27.328651428222656, 35.479565143585205, 45.582926750183105, 56.352885246276855, 70.65027213096619, 85.08781838417053, 103.67731666564941, 126.82793283462524, 150.1844847202301, 170.7546317577362, 202.1896846294403, 229.26730179786682, 283.94051456451416, 517.5141825675964, 716.7342393398285]
nauc_scores: [0.10794365772076131, 0.1498938785083237, 0.12371254875646742, 0.2054592663660908, 0.23010339422886883, 0.3190247563074531, 0.32710275094903496, 0.28244420006103543, 0.3436560247989311, 0.37529909178185417, 0.37007273992018175, 0.30882338769681894, 0.31559096316665003, 0.288181609646297, 0.35186530746967937, 0.2703283958062819, 0.2507444813247297]
accuracy: [0.07152535099907878, 0.08579122029234033, 0.08156259265407924, 0.08223830406536922, 0.10018834845225978, 0.1043483723883165, 0.11185165852834063, 0.11306033434585487, 0.10078834372813489, 0.11641903044146865, 0.1248204363498532, 0.11263933164106996, 0.11670190258822428, 0.11130779402840865, 0.12988590363731556, 0.12048828296590823, 0.12322177738355482]
nauc_mean: 0.23482435226926612
nauc_var: 7.378533744072075e-05
alc_var: 4.3121507265989606e-05
alc_std: 0.00656669683067443
nauc_std: 0.00858983919760555
alc_mean: 0.2678797819389537
