score: 0.6978987145075302
Duration: 763.7801344394684
timestamps: [13.416417360305786, 15.130990028381348, 17.303490161895752, 19.80580759048462, 22.52009868621826, 25.39578676223755, 29.599676609039307, 36.48944067955017, 46.52996611595154, 59.02944827079773, 72.27669358253479, 83.33850288391113, 103.94415640830994, 127.43629622459412, 155.73678708076477, 185.06148195266724, 432.964928150177, 763.7801344394684]
nauc_scores: [0.002846812765272988, -0.03761767410653649, 0.031735571919320194, 0.2432769318352357, 0.33124656419436405, 0.4080198421779153, 0.46753254067464134, 0.5426102258527954, 0.625158065601155, 0.6235235462136803, 0.7147545662271664, 0.73491091892565, 0.7492768210343019, 0.779336626129377, 0.8172412229037633, 0.8320680299992176, 0.8633783249898646, 0.8638283872767496]
accuracy: [0.048793100518104204, 0.05074380557607074, 0.050187874072273306, 0.06429972894606435, 0.07320198804996517, 0.09501179878942483, 0.11366709977246402, 0.12220938557828188, 0.16743938007139658, 0.1797596059513274, 0.2356501514214402, 0.26350059314743746, 0.2795676876216025, 0.3205342953020334, 0.3878861000243782, 0.40909453383937633, 0.5139183898315599, 0.518416922714566]
alc_var: 2.7512714048606627e-05
alc_mean: 0.6968377236533029
nauc_std: 0.0031585654320953303
nauc_var: 9.976535588827561e-06
nauc_mean: 0.8642456263684716
alc_std: 0.005245256337740476
