score: 3.509231644769116e-05
Duration: 999.1774969100952
timestamps: [151.672114610672, 299.6504657268524, 455.2913634777069, 586.0560338497162, 718.343563079834, 855.1097888946533, 999.1774969100952]
nauc_scores: [5.9893281062706194e-05, 5.9893281062706194e-05, 5.9893281062706194e-05, 5.9893281062706194e-05, 5.9893281062706194e-05, 5.9893281062706194e-05, 5.9893281062706194e-05]
accuracy: [0.9355779564062998, 0.9364036758417018, 0.9369437404613784, 0.9370193593858407, 0.9340778499655706, 0.9352819784650114, 0.9342174868520344]
nauc_mean: 6.0407059664147056e-05
alc_std: 8.717281455015244e-06
nauc_std: 1.658542509569818e-05
alc_var: 7.599099596595267e-11
alc_mean: 2.74406257362487e-05
nauc_var: 2.75076325605015e-10
