score: 0.8868467570922437
Duration: 43.65245485305786
timestamps: [16.303898572921753, 18.323856115341187, 20.34083080291748, 22.306835651397705, 24.211111545562744, 26.23828935623169, 28.235140323638916, 30.671855449676514, 33.65780973434448, 37.27865242958069, 42.73488712310791, 43.65245485305786]
nauc_scores: [0.18162738702622638, 0.16210499422373514, 0.13411356331936264, 0.21812931090474708, 0.539274374431693, 0.7859735100011107, 0.9250050823623657, 0.9738375609437515, 0.9890816033987302, 0.9963555666217268, 0.9987028397833764, 0.9987028397833764]
accuracy: [0.10430191566455385, 0.10531239413063656, 0.10933532262037927, 0.13203463756228878, 0.1613789936001039, 0.27662639159325186, 0.5660569213172723, 0.7751705170652957, 0.8644561417248052, 0.9154611102514914, 0.9573911511909066, 0.9573911511909066]
nauc_std: 0.00014228915067111722
nauc_mean: 0.9987157612727277
alc_var: 1.578966634995007e-08
alc_std: 0.00012565693912375102
nauc_var: 2.0246202398707894e-08
alc_mean: 0.8869167627003985
