score: 0.0
Duration: 992.961752653122
timestamps: [22.119228839874268, 40.70281672477722, 59.35979676246643, 78.72073912620544, 98.633309841156, 120.3778064250946, 145.06609749794006, 175.85049438476562, 218.40045595169067, 283.84810972213745, 396.24242186546326, 603.1481065750122, 992.961752653122]
nauc_scores: [0.0, 0.0, 0.0, 0.0, 0.0, 0.0, 0.0, 0.0, 0.0, 0.0, 0.0, 0.0, 0.0]
accuracy: [0.0523128709810652, 0.05265065614053954, 0.052886871927156826, 0.05296067070888465, 0.05295118247686915, 0.05182318259965974, 0.05237942967051664, 0.04318834736766583, 0.05275441534483905, 0.05222841974397521, 0.051813503436643864, 0.04315626949178923, 0.0520739311919307]
alc_std: 0.0
alc_var: 0.0
nauc_var: 0.0
nauc_mean: 0.0
nauc_std: 0.0
alc_mean: 0.0
