score: 0.0019057388490762001
Duration: 98.28680396080017
timestamps: [20.86832356452942, 26.91348648071289, 33.313931941986084, 40.99231815338135, 51.66288352012634, 67.69755721092224, 94.43154740333557, 98.28680396080017]
nauc_scores: [-7.257420906126022e-06, 0.0, -0.00496983440783616, 0.0, 0.0, -3.6293029923584186e-06, 0.002951846117067447, 0.002951846117067447]
accuracy: [0.02297017068112934, 0.02297017068112934, 0.022172488821190335, 0.0220130802360823, 0.023129685755303848, 0.02297017068112934, 0.029313838088277883, 0.029313838088277883]
alc_mean: 0.0019739647071988576
alc_std: 0.00014269148883891202
nauc_var: 6.42510094656851e-08
nauc_std: 0.00025347782835128817
nauc_mean: 0.00301622705401563
alc_var: 2.0360860987065355e-08
