score: 0.8790929736381545
Duration: 125.83254361152649
timestamps: [11.264423847198486, 18.263089895248413, 25.621337890625, 33.37615156173706, 42.53760242462158, 52.563393115997314, 66.27836012840271, 87.67334270477295, 124.20185470581055, 125.83254361152649]
nauc_scores: [0.18840856496427283, 0.2290091455824006, 0.7323040320960446, 0.8349334053658979, 0.9265593056008268, 0.9759468882989721, 0.9917268173515474, 0.9983019014164427, 0.9995855136060694, 0.9995855136060694]
accuracy: [0.20907579644376423, 0.22855833399018533, 0.39365031969656583, 0.5533008798358481, 0.7212845506465332, 0.8395149270792172, 0.9035113875148285, 0.9547282838522, 0.9804355589865345, 0.9804355589865345]
alc_mean: 0.8794486385260644
alc_std: 0.0004555683103494592
nauc_mean: 0.9995826687713368
nauc_std: 5.3497734682424136e-05
nauc_var: 2.862007616151046e-09
alc_var: 2.0754248539466114e-07
