score: 0.03112888735442836
Duration: 171.87349486351013
timestamps: [52.589879751205444, 76.67762804031372, 109.36050772666931, 163.3824338912964, 171.87349486351013]
nauc_scores: [0.0004960317460318553, 0.017463606245279317, 0.029082136741854336, 0.047908366065264385, 0.047908366065264385]
accuracy: [0.5628366247755828, 0.5170556552481353, 0.09732690813216203, 0.3742364880624224, 0.3742364880624224]
nauc_var: 7.00065309360739e-05
nauc_mean: 0.04710605846520342
alc_std: 0.004755324745797575
alc_var: 2.261311343799477e-05
alc_mean: 0.029017397188991777
nauc_std: 0.00836699055431963
