score: 0.7814784251464062
Duration: 273.30398964881897
timestamps: [10.164874792098999, 15.220210075378418, 20.06866955757141, 25.36097741127014, 30.731549739837646, 38.603323459625244, 47.74333596229553, 57.42552304267883, 67.53062272071838, 77.75387001037598, 92.9337363243103, 105.4278736114502, 118.75250363349915, 133.15018963813782, 172.57772636413574, 189.89282083511353, 209.36900758743286, 229.3262083530426, 259.7525291442871, 273.30398964881897]
nauc_scores: [0.05691439489120276, 0.24473453988812977, 0.455182855880081, 0.5751440054412491, 0.6347140700735046, 0.7205177449533315, 0.7645237354734102, 0.7989012028644449, 0.8172148094735334, 0.8302610269431032, 0.8511911846889559, 0.8583703150865707, 0.867383373356811, 0.8760308022367422, 0.8977073542421672, 0.9022862556786893, 0.9044948989323012, 0.9077618145560922, 0.9104905812750528, 0.9090589875813264]
nauc_std: 0.0016512965960672821
alc_mean: 0.7811059845614556
nauc_mean: 0.9086649905898639
alc_var: 2.415648652604606e-06
nauc_var: 2.7267804481833925e-06
alc_std: 0.0015542357133345656
