score: 0.923676448213637
Duration: 26.867831468582153
timestamps: [4.543187856674194, 12.590332508087158, 14.756103515625, 15.695854902267456, 16.567893505096436, 17.475152730941772, 18.36820411682129, 19.21017813682556, 20.04587197303772, 20.89858102798462, 21.725194454193115, 23.807093381881714, 24.633089780807495, 25.453479528427124, 26.867831468582153]
nauc_scores: [0.8905607016430417, 0.8976351847276323, 0.9209966107340377, 0.9260819481319864, 0.9418177803155268, 0.9434109085104232, 0.9436512080036572, 0.9456551041509171, 0.947119764266865, 0.9477454645201273, 0.9479366119604449, 0.9493744857585107, 0.9481260517261982, 0.9503762585327, 0.949538721856197]
accuracy: [0.4106863673422335, 0.4598516218481357, 0.5023709237394899, 0.5422283990142407, 0.6073926705347849, 0.6159791155406681, 0.6165451881145282, 0.6276718766570661, 0.6383014004214184, 0.6509338307668634, 0.6478212563833866, 0.6615673514713675, 0.6554395555791593, 0.6721943058978717, 0.6758491150986757]
