score: 0.7089012011241346
Duration: 1012.12286901474
timestamps: [13.725723266601562, 17.64731764793396, 22.5799777507782, 30.802162647247314, 39.28612446784973, 52.44513940811157, 66.98457431793213, 81.44927263259888, 99.87224435806274, 118.13475394248962, 141.30082535743713, 164.0005488395691, 240.7134075164795, 569.8713250160217, 597.6072626113892, 630.232750415802, 674.6388363838196, 799.9846110343933, 1012.12286901474]
nauc_scores: [0.28809458921766606, 0.4989049245919397, 0.6170454870369053, 0.6089959361797668, 0.659143719516035, 0.7031191191706956, 0.7708999649845851, 0.7804012550013524, 0.7777909818382795, 0.7801137747913287, 0.7483934607109666, 0.7903807437180896, 0.7982303135492983, 0.7499618081407968, 0.8056000594994572, 0.8269571823590576, 0.8262999480042033, 0.8232406243004124, 0.8447773061022081]
accuracy: [0.02057487602511884, 0.057612680618437315, 0.05399609763493982, 0.08368654933037842, 0.11355586812892172, 0.11406998666024416, 0.17136274070289753, 0.15763326433640876, 0.17985926275604142, 0.17344867665632518, 0.18265666865158497, 0.2092414975814284, 0.22466743222742852, 0.2351124749419739, 0.2913079458450317, 0.3174525296285372, 0.31479101846824203, 0.32570412921834063, 0.3599754395075728]
nauc_mean: 0.8449874448132679
alc_mean: 0.709075124895078
alc_std: 0.0014014773899862424
alc_var: 1.9641388746426504e-06
nauc_std: 0.0032570484496820475
nauc_var: 1.060836460357623e-05
