score: 0.2073035221140992
Duration: 80.70850038528442
timestamps: [8.359569072723389, 15.09847354888916, 21.876078367233276, 29.30486249923706, 37.46137547492981, 47.07913112640381, 60.10987067222595, 79.52263283729553, 80.70850038528442]
nauc_scores: [-0.006640929848307442, -0.025580202541215513, -0.0033725749317139453, -0.04681403033850351, -0.02529707467564135, 0.3373862915813093, 0.3100816002707054, 0.25244412130523863, 0.25244412130523863]
accuracy: [0.5037037037037031, 0.5037037037037025, 0.5037037037037029, 0.5037036359787896, 0.49285220719847433, 0.5962179166975151, 0.5804158717202546, 0.5846347070974143, 0.5846347070974143]
nauc_mean: 0.2520454072704215
alc_std: 0.011722742312552159
alc_var: 0.00013742268732650073
nauc_std: 0.016215539528649802
alc_mean: 0.21216673799689462
nauc_var: 0.00026294372220520424
