score: 0.852238109028266
Duration: 343.4185326099396
timestamps: [14.570372343063354, 19.4735050201416, 28.40812087059021, 38.31069850921631, 56.07024359703064, 83.77327060699463, 118.19656658172607, 159.79745650291443, 210.98589038848877, 269.9979121685028, 343.4185326099396]
nauc_scores: [0.22890884296829106, 0.3972280667455885, 0.5693739833591782, 0.7516616275097681, 0.9227632732417814, 0.9707465591250235, 0.986968783469133, 0.9918872620941095, 0.994686810926303, 0.9966723858859234, 0.9971684144717432]
accuracy: [0.004703810525413509, 0.006444978660202527, 0.007695538209095685, 0.014225609242766819, 0.03732118194708613, 0.09955462625766041, 0.20177506182733848, 0.31171569823607054, 0.4330641291274762, 0.5229614103584559, 0.5974798443798562]
nauc_mean: 0.9971667256700385
alc_var: 7.093031794362936e-08
nauc_var: 9.462900677808319e-09
nauc_std: 9.727744177253182e-05
alc_std: 0.0002663274637427191
alc_mean: 0.8522749844822265
