score: 0.7662340087595714
Duration: 102.93249464035034
timestamps: [0.2485651969909668, 0.4944784641265869, 0.9415748119354248, 1.392024040222168, 1.840789794921875, 2.9332244396209717, 4.511377811431885, 6.007990837097168, 6.963143348693848, 8.354587316513062, 9.773247480392456, 18.374189853668213, 23.034761905670166, 27.46495270729065, 32.28109335899353, 36.89187669754028, 41.59456753730774, 46.64727187156677, 51.81704926490784, 56.96738791465759, 62.21699905395508, 67.59703087806702, 73.30688381195068, 78.93797373771667, 84.68731641769409, 90.81255078315735, 96.81435561180115, 102.93249464035034]
nauc_scores: [0.4791930134404845, 0.6161142945058224, 0.6359929644390063, 0.645017225228381, 0.6479686162782892, 0.64899375841726, 0.7043375647346035, 0.7113338724267175, 0.7148567176417742, 0.7169101411040186, 0.7191059909387116, 0.7408626917782839, 0.748003135820879, 0.754470540336134, 0.7594758592467397, 0.7634527788538485, 0.7664970758343688, 0.7690716299138312, 0.7709785457114995, 0.7726517914422515, 0.7737793976462828, 0.7746922052615879, 0.775325980801389, 0.7759374304488413, 0.7765524464623632, 0.7769716472570856, 0.7770633654586847, 0.7770633654586847]
accuracy: [0.25137966708187276, 0.40040564529708794, 0.27718492820379786, 0.3013619364241574, 0.3228149445273602, 0.34184267239107674, 0.28087716441221633, 0.3089236960116344, 0.3340473420068166, 0.3564183182096219, 0.37637717710092133, 0.38299641126524275, 0.42651702194178764, 0.45878293116184243, 0.4824029293066739, 0.5000288016531009, 0.5132186788553877, 0.523143004400269, 0.5308766776061739, 0.5370017002173396, 0.5418177239022427, 0.545664345221711, 0.54882937057829, 0.5516019455502278, 0.5539938677818121, 0.5561025201653531, 0.5578758502973571, 0.5578758502973571]
nauc_std: 0.007000745288628911
alc_var: 7.89522010924583e-06
alc_std: 0.002809843431446996
alc_mean: 0.7684527129944572
nauc_var: 4.9010434596259886e-05
nauc_mean: 0.7805073384900962
