score: 0.7481604894435656
Duration: 239.3497667312622
timestamps: [13.962977170944214, 34.854982137680054, 80.2256224155426, 87.82579374313354, 89.32682156562805, 90.93613886833191, 92.63794565200806, 94.29653573036194, 95.7321228981018, 97.13087701797485, 98.72015714645386, 100.1576018333435, 103.13706374168396, 105.6938328742981, 107.88768529891968, 110.12188911437988, 157.89245080947876, 160.51175045967102, 184.25406789779663, 186.8107259273529, 211.07666110992432, 213.3356008529663, 239.3497667312622]
nauc_scores: [0.5414531153768622, 0.8955347870632899, 0.9313385294840919, 0.9313385294840919, 0.9313385294840919, 0.9313385294840919, 0.9313385294840919, 0.9313385294840919, 0.9313385294840919, 0.9313385294840919, 0.9313385294840919, 0.9313385294840919, 0.9313385294840919, 0.9313385294840919, 0.9313385294840919, 0.9313385294840919, 0.7524434586216948, 0.7524434586216948, 0.7704525074249384, 0.7704525074249384, 0.782094143677458, 0.782094143677458, 0.7922951732947268]
