score: 0.8858740398980415
Duration: 68.1911609172821
timestamps: [18.75104022026062, 30.399120807647705, 35.55464172363281, 40.754069328308105, 46.10008692741394, 51.41259455680847, 56.83746099472046, 62.59899425506592, 68.1911609172821]
nauc_scores: [0.9688615049916163, 0.9688615049916163, 0.9688615049916163, 0.9688615049916163, 0.9688615049916163, 0.9688615049916163, 0.9688615049916163, 0.9735061177586011, 0.9735061177586011]
accuracy: [0.6934442900275261, 0.6934442900275261, 0.6934442900275261, 0.6934442900275261, 0.6934442900275261, 0.6934442900275261, 0.6934442900275261, 0.8006501453641999, 0.8006501453641999]
nauc_mean: 0.9736782242106576
alc_var: 5.041067772546255e-07
alc_mean: 0.885641717807159
alc_std: 0.0007100047726984837
nauc_std: 0.0015266619330396739
nauc_var: 2.3306966577924337e-06
