score: 0.9872040693792807
Duration: 9.697952270507812
timestamps: [1.484053134918213, 2.0365166664123535, 3.908663034439087, 8.324541330337524, 9.697952270507812]
nauc_scores: [0.4694354894454915, 0.8433829592635831, 0.983573232748681, 0.9979315616845876, 0.9986240586742052]
accuracy: [0.1140296205462053, 0.18546624024163144, 0.7741982975170445, 0.8823075482073229, 0.905464016908041]
alc_mean: 0.9872042392552235
alc_var: 1.644310827729361e-08
alc_std: 0.00012823068383695693
nauc_mean: 0.9986034889848389
nauc_var: 2.3148998167072528e-08
nauc_std: 0.00015214794828413732
