score: 0.6364244862426618
Duration: 186.20576000213623
timestamps: [67.32878279685974, 88.47079682350159, 108.07104659080505, 127.40750694274902, 146.978129863739, 166.58654117584229, 186.20576000213623]
nauc_scores: [0.24136226834317664, 0.8287623674941009, 0.8787684821557384, 0.8861698112176091, 0.896855750043219, 0.8934165505738754, 0.8934165505738754]
accuracy: [0.11290234086705754, 0.37469592350658015, 0.4887063038480342, 0.4914339425390953, 0.559837152780351, 0.55946826062366, 0.55946826062366]
nauc_var: 1.5244605032979927e-06
alc_std: 0.0008664355686276637
nauc_mean: 0.8926037621247371
alc_var: 7.507105945831429e-07
alc_mean: 0.6365039438615868
nauc_std: 0.0012346904483707618
