score: 0.9606595511448344
Duration: 95.03241610527039
timestamps: [3.1887216567993164, 5.261218547821045, 9.306829452514648, 15.52725100517273, 23.527673959732056, 33.481436252593994, 45.58396291732788, 59.01291084289551, 75.15341472625732, 93.26805901527405, 95.03241610527039]
nauc_scores: [0.22465821720119128, 0.5891348956665354, 0.9115661840361182, 0.9595423772064542, 0.9858011532722191, 0.9870239337328075, 0.9961367209607197, 0.9962389583157483, 0.998400690234333, 0.9987186977904923, 0.9989267829869488]
accuracy: [0.3747750471689013, 0.5318234456153211, 0.8262313917487383, 0.864692259808309, 0.9215586718938864, 0.9266587935728252, 0.9640341746459019, 0.9372807695339342, 0.9763727396459682, 0.9800082591624649, 0.9793243919837672]
alc_var: 1.0221782067861481e-07
nauc_mean: 0.9988655420797041
alc_std: 0.0003197152180904356
alc_mean: 0.9603658729436095
nauc_var: 6.998966435056177e-08
nauc_std: 0.0002645555978439348
