score: 0.9133328162112855
Duration: 43.40024471282959
timestamps: [15.991806983947754, 19.758431434631348, 27.007383346557617, 35.88960385322571, 43.40024471282959]
nauc_scores: [0.8922504762657226, 0.8068581996407111, 0.9948286171872545, 0.9978276568231024, 0.998040754971709]
accuracy: [0.8604886774855619, 0.6580679357319235, 0.9105367843310022, 0.9447824372831649, 0.9516001588351445]
nauc_mean: 0.998031290639857
alc_var: 5.9822997056469e-09
nauc_std: 0.0002309716970927134
alc_std: 7.734532762647593e-05
nauc_var: 5.3347924857888155e-08
alc_mean: 0.9133591662447909
