score: 0.16926294029643704
Duration: 16.485493421554565
timestamps: [7.30891752243042, 9.866442441940308, 12.633183002471924, 15.555588006973267, 16.485493421554565]
nauc_scores: [0.011599461358384522, 0.02898152114038388, 0.06119278433704234, 0.18171753650862743, 0.18171753650862743]
alc_mean: 0.16576064072833005
alc_var: 0.0007704199495480296
alc_std: 0.02775643978517471
nauc_var: 0.0028839445304180227
nauc_mean: 0.19780164090517383
nauc_std: 0.05370236987711085
