score: 0.05153945728681372
Duration: 353.19844222068787
timestamps: [63.10190439224243, 76.8536229133606, 92.30312299728394, 111.10575747489929, 136.2151460647583, 172.9743151664734, 231.58241629600525, 344.08038330078125, 353.19844222068787]
nauc_scores: [-0.0060976537107071405, -0.0034213241285794282, -0.010246937612032214, 0.007982139170146896, 0.041435570175802905, 0.06047852297179057, 0.08052002501390554, 0.09766108235874182, 0.09766108235874182]
accuracy: [0.2697772791724995, 0.25511701366827066, 0.3997302331663773, 0.36987252371707985, 0.3201095147842224, 0.3650738068550623, 0.39682651047977957, 0.38253611805943644, 0.38253611805943644]
nauc_std: 0.04015757335555993
nauc_var: 0.001612630697807177
nauc_mean: 0.09954806281169759
alc_var: 0.0005215715159047243
alc_std: 0.02283794027281629
alc_mean: 0.0737671855620897
