score: 0.8400456779239831
Duration: 83.24315190315247
timestamps: [13.032686948776245, 16.538817405700684, 23.72859835624695, 32.776384592056274, 43.36541748046875, 56.55137777328491, 71.36369490623474, 79.51647877693176, 83.24315190315247]
nauc_scores: [0.6551794983187027, 0.7730144239783598, 0.8435335160647108, 0.8775055460407897, 0.9078882959330963, 0.9102357637357443, 0.9109289009713679, 0.9113916504755419, 0.9102791596899404]
accuracy: [0.7394380397489405, 0.7335657913226518, 0.7580082894996415, 0.8075001043537793, 0.8212615887863002, 0.8269950680334209, 0.8279215540434065, 0.8284647261058724, 0.8214076072140944]
nauc_std: 0.001880061540603532
alc_mean: 0.8395513841620993
alc_std: 0.00137821062733229
nauc_mean: 0.9100300739584497
alc_var: 1.8994645332916643e-06
nauc_var: 3.534631396456526e-06
