score: 0.42684894279378927
Duration: 860.8839087486267
timestamps: [20.96563482284546, 36.397560834884644, 51.6346652507782, 67.75052905082703, 83.19045114517212, 100.31982898712158, 120.54538035392761, 146.59792065620422, 181.88346767425537, 238.28551244735718, 334.6390960216522, 512.2519781589508, 860.8839087486267]
nauc_scores: [0.030752977353804445, 0.04804318418314324, 0.06355514857114009, 0.08715358681371543, 0.11975098519246807, 0.17217799066889583, 0.3639786303146222, 0.5190660362371782, 0.5763412665887235, 0.6451117542927285, 0.6807167669940524, 0.6942354417434675, 0.6988141637717933]
accuracy: [0.31718882964685957, 0.297521573902879, 0.3034001405341512, 0.3293779780828252, 0.31056915488332965, 0.33081922621074566, 0.6022993085398253, 0.4718211366304738, 0.5026719738590271, 0.6391654467101532, 0.6046052027335806, 0.6680440957016447, 0.6394015723465436]
alc_mean: 0.421515162670013
alc_std: 0.008323365296400804
alc_var: 6.927840985732925e-05
nauc_var: 0.00023004299887865494
nauc_mean: 0.6995904518489925
nauc_std: 0.015167168452900328
