score: 0.8196808195780436
Duration: 241.2070872783661
timestamps: [13.295841455459595, 18.934146642684937, 30.203253507614136, 41.607221841812134, 55.27274417877197, 70.79515790939331, 88.69190907478333, 108.60988068580627, 130.84377455711365, 153.93665504455566, 181.633291721344, 210.20740580558777, 241.2070872783661]
nauc_scores: [0.05474066615555184, 0.23320237850867542, 0.4817081417525497, 0.6978672721621586, 0.8230523694774619, 0.887306368550866, 0.9341658090659988, 0.9496952265553604, 0.9700153099570414, 0.9779954230808063, 0.9832869852808719, 0.9863479407516376, 0.988926068407465]
accuracy: [0.004287610297678723, 0.0060192534778928395, 0.009244371033066658, 0.015177974980137442, 0.020808440463832914, 0.03415368172693689, 0.05666122306722446, 0.07525253684465795, 0.1207182165208308, 0.15477119394967456, 0.20133071310946837, 0.24950852297257858, 0.28487943808965893]
alc_mean: 0.820041796447194
nauc_mean: 0.9889978663497765
nauc_var: 2.9554438904311084e-08
alc_std: 0.0006881052149205787
alc_var: 4.734887868008958e-07
nauc_std: 0.00017191404510484616
