score: 0.7872917522877627
Duration: 26.13115429878235
timestamps: [2.531238079071045, 8.867691040039062, 10.177765369415283, 11.46088719367981, 12.821220636367798, 14.121036529541016, 15.417691230773926, 16.729693174362183, 18.026941537857056, 19.4332914352417, 20.81055235862732, 22.153419494628906, 23.46174931526184, 24.755624055862427, 26.13115429878235]
nauc_scores: [0.7809249126667055, 0.7687730395846601, 0.812810612201571, 0.8089330862910853, 0.8095615482600889, 0.8106351205295967, 0.804930109238994, 0.8042003213479243, 0.8035151651130024, 0.8046430191264742, 0.8017377395634302, 0.7999096510528245, 0.7984247437901684, 0.7979874741860151, 0.7984247437901684]
accuracy: [0.7071495500628111, 0.7032125028484134, 0.7546956459041043, 0.7736163267569728, 0.7915095877631498, 0.7929361996880793, 0.7967849354146395, 0.8056853329518534, 0.8013339566503506, 0.7968512407410642, 0.816227150732212, 0.7993425609826879, 0.7981025437893924, 0.8106264103338158, 0.7981025437893924]
alc_var: 0.0002388355776215797
nauc_std: 0.013079959866736948
nauc_mean: 0.8001147616944717
nauc_var: 0.00017108535011544927
alc_mean: 0.7729821189372899
alc_std: 0.015454306119058847
