score: 0.9034955546519636
Duration: 55.70211362838745
timestamps: [4.417709827423096, 4.4653027057647705, 4.51216721534729, 8.140639066696167, 9.788482666015625, 10.846938371658325, 11.648524522781372, 12.330653429031372, 12.982785940170288, 13.661909818649292, 14.554710388183594, 15.33296275138855, 16.05100393295288, 16.690263986587524, 17.25266408920288, 22.469769954681396, 23.739969491958618, 24.69088125228882, 25.906771898269653, 26.855715036392212, 27.810607433319092, 28.754448413848877, 32.31351041793823, 33.02201843261719, 33.79945206642151, 34.62841320037842, 35.299508571624756, 36.09700345993042, 36.951653242111206, 37.8098840713501, 38.59642696380615, 39.45416808128357, 40.2907190322876, 41.075814962387085, 41.79015922546387, 42.6733500957489, 43.519840240478516, 44.067896604537964, 44.56672477722168, 45.09249305725098, 46.046173095703125, 47.21748089790344, 48.47643041610718, 49.44143867492676, 50.433300733566284, 51.41470694541931, 55.0107684135437, 55.70211362838745]
nauc_scores: [0.7081097121189526, 0.7081097121189526, 0.7081097121189526, 0.7081097121189526, 0.782783908619199, 0.8141986819722524, 0.8238323513529167, 0.8579495580360468, 0.8543711958434694, 0.8386414189164026, 0.8408890257826827, 0.8492289332222767, 0.8489501954648422, 0.8591601091946226, 0.8591601091946226, 0.8591601091946226, 0.8591601091946226, 0.8591601091946226, 0.8591601091946226, 0.8591601091946226, 0.8591601091946226, 0.8591601091946226, 0.8591601091946226, 0.8591601091946226, 0.8591601091946226, 0.8591601091946226, 0.8591601091946226, 0.8591601091946226, 0.8591601091946226, 0.865308930965075, 0.8901975702568168, 0.9007591655251677, 0.8930628650383379, 0.903702682398674, 0.903702682398674, 0.9115108640745102, 0.9118805362984079, 0.9118805362984079, 0.9118805362984079, 0.9118805362984079, 0.9118805362984079, 0.9118805362984079, 0.9398555420513521, 0.9398555420513521, 0.9398555420513521, 0.9398555420513521, 0.9433476774604921, 0.9433476774604921]
accuracy: [0.46564642945862433, 0.46564642945862433, 0.46564642945862433, 0.46564642945862433, 0.4559130282230242, 0.45544486513956645, 0.45479820349977435, 0.46742886299618097, 0.4715048798154824, 0.48110875004835507, 0.4924464810538455, 0.49826243072971277, 0.5113301478652228, 0.5098363098449917, 0.5098363098449917, 0.5098363098449917, 0.5098363098449917, 0.5098363098449917, 0.5098363098449917, 0.5098363098449917, 0.5098363098449917, 0.5098363098449917, 0.5098363098449917, 0.5098363098449917, 0.5098363098449917, 0.5098363098449917, 0.5098363098449917, 0.5098363098449917, 0.5098363098449917, 0.5088641717455539, 0.5207604748485933, 0.526071548306444, 0.5112687534401373, 0.5296944134960121, 0.5296944134960121, 0.5423839781779543, 0.5375017521841667, 0.5375017521841667, 0.5375017521841667, 0.5375017521841667, 0.5375017521841667, 0.5375017521841667, 0.5885313359903648, 0.5885313359903648, 0.5885313359903648, 0.5885313359903648, 0.5936487866306561, 0.5936487866306561]
