score: 0.8385654303825215
Duration: 34.88122272491455
timestamps: [7.564244270324707, 8.085857391357422, 9.114842414855957, 12.72823429107666, 26.22738766670227, 34.88122272491455]
nauc_scores: [0.6390981945826082, 0.6346998850265009, 0.7662269021348078, 0.8605759232255124, 0.8923249333510601, 0.8768279072232659]
accuracy: [0.38618688570977205, 0.4812039494278734, 0.5496107635189506, 0.6632619157013953, 0.7389723622939187, 0.7629468372214677]
alc_var: 2.2456050436412266e-05
nauc_mean: 0.872917342818206
alc_mean: 0.8271289128639976
nauc_std: 0.010781035832687162
nauc_var: 0.00011623073362568458
alc_std: 0.004738781534995284
