score: -0.005593976869823953
Duration: 119.731036901474
timestamps: [62.66560935974121, 83.39036726951599, 105.65943694114685, 119.731036901474]
nauc_scores: [0.031425387314034436, 0.03585479777609568, 0.023676194644271176, -0.014913761980803408]
accuracy: [0.06251304764985975, 0.06253904447338442, 0.06256535414537093, 0.06247107833998977]
alc_std: 0.010820038350848386
nauc_var: 0.00042903486854469137
alc_mean: -0.008578082871403386
nauc_mean: -0.00528089097490454
nauc_std: 0.02071315689470563
alc_var: 0.00011707322991382986
