score: 0.5926218293384806
Duration: 196.80853843688965
timestamps: [33.319114208221436, 38.966384410858154, 42.349173069000244, 54.08609962463379, 100.05128002166748, 148.46806836128235, 196.80853843688965]
nauc_scores: [0.4094069841502799, 0.47245809177941345, 0.6528416187599362, 0.6912288781331077, 0.7084690820161641, 0.6969452198816846, 0.7084690820161641]
accuracy: [0.256725857494539, 0.2641530422366761, 0.40349618846850055, 0.41169859617850113, 0.4722340674728551, 0.4898097873302001, 0.4722340674728551]
alc_var: 7.608198432833017e-06
nauc_var: 2.1026540026234944e-05
alc_mean: 0.5915584816950263
alc_std: 0.0027582962917049023
nauc_mean: 0.7082145766358647
nauc_std: 0.004585470534878067
