score: 0.8834059942439576
Duration: 168.89995694160461
timestamps: [12.024019002914429, 19.176319360733032, 26.267593383789062, 33.85229277610779, 41.8598358631134, 51.35008955001831, 63.910523414611816, 83.77821683883667, 114.34839153289795, 167.64526438713074, 168.89995694160461]
nauc_scores: [0.07780751070218872, 0.6423641170626002, 0.648918035911717, 0.7960241770672092, 0.9353120813246754, 0.9901691757494326, 0.9951219830316766, 0.9988952588520825, 0.9996155529972133, 0.9998887664712188, 0.9998887664712188]
accuracy: [0.20422251566508798, 0.22314949135569315, 0.27631185761506444, 0.4534787195239569, 0.6909849672048315, 0.8868796187745676, 0.9317887820800514, 0.9680561256334412, 0.9803502249317824, 0.9915002242697291, 0.9915002242697291]
alc_var: 1.2629043202990342e-07
nauc_var: 6.031691628128417e-10
nauc_mean: 0.9998944687246288
alc_std: 0.00035537365128819474
nauc_std: 2.4559502495222532e-05
alc_mean: 0.8832453932781881
