score: 0.004347491183870752
Duration: 15.997427463531494
timestamps: [6.171154499053955, 8.428537607192993, 11.182353019714355, 15.066177368164062, 15.997427463531494]
nauc_scores: [0.0, 0.0, 0.0, 0.011495139931415155, 0.004662936317612498]
accuracy: [0.10901803607214428, 0.10901803607214428, 0.10901803607214428, 0.029906780063011954, 0.029658531731697593]
alc_mean: 0.005274988133367205
nauc_var: 1.8666980636692492e-05
alc_var: 2.251480853323089e-05
nauc_mean: 0.007546042666717057
nauc_std: 0.004320530133755867
alc_std: 0.004744977189958967
