score: 0.7393898041654107
Duration: 151.51260256767273
timestamps: [1.671741247177124, 8.74047327041626, 13.478709697723389, 14.61587905883789, 15.746597290039062, 18.22897481918335, 22.586630821228027, 25.454554319381714, 26.373376607894897, 27.308743476867676, 29.67932105064392, 31.918912172317505, 34.19064426422119, 38.64672493934631, 45.50350475311279, 47.50840449333191, 49.53534913063049, 52.79071855545044, 55.837263345718384, 61.48539733886719, 64.22196531295776, 65.29988217353821, 66.43909168243408, 69.40729427337646, 72.25702714920044, 75.0785391330719, 81.04233860969543, 85.00656533241272, 86.92482161521912, 88.75049781799316, 91.79580855369568, 94.73621010780334, 100.86589336395264, 103.23052787780762, 104.0884747505188, 105.06236505508423, 107.20484590530396, 109.24183630943298, 114.85655474662781, 118.02221989631653, 119.49060368537903, 121.06296753883362, 124.0319893360138, 127.02491354942322, 130.05707263946533, 136.92946362495422, 139.36983609199524, 140.25689482688904, 141.22816848754883, 143.35851430892944, 145.55399346351624, 151.51260256767273]
nauc_scores: [0.20540656373394794, 0.35354793727912126, 0.7112997101869603, 0.7519133076803395, 0.7519133076803395, 0.7519133076803395, 0.7523794972884286, 0.7523794972884286, 0.7587232901176786, 0.7587232901176786, 0.7565426717964823, 0.7565426717964823, 0.7565426717964823, 0.770869921299786, 0.770869921299786, 0.770869921299786, 0.770869921299786, 0.770869921299786, 0.770869921299786, 0.7777470873257368, 0.7777470873257368, 0.7777470873257368, 0.7777470873257368, 0.7777470873257368, 0.7777470873257368, 0.7777470873257368, 0.7796734170497785, 0.7796734170497785, 0.7796734170497785, 0.7796734170497785, 0.7796734170497785, 0.7796734170497785, 0.7794929598337326, 0.7794929598337326, 0.7794929598337326, 0.7794929598337326, 0.7794929598337326, 0.7794929598337326, 0.7796160490339474, 0.7796160490339474, 0.7796160490339474, 0.7796160490339474, 0.7796160490339474, 0.7796160490339474, 0.7796160490339474, 0.7795224953030229, 0.7795224953030229, 0.7795224953030229, 0.7795224953030229, 0.7795224953030229, 0.7795224953030229, 0.7795263952062517]
accuracy: [0.34774435717790847, 0.23119791381731652, 0.5092213910622516, 0.5601996379632593, 0.5601996379632593, 0.5601996379632593, 0.5464554431786599, 0.5464554431786599, 0.5617075082656778, 0.5617075082656778, 0.5868733483350731, 0.5868733483350731, 0.5868733483350731, 0.5667616008159098, 0.5667616008159098, 0.5667616008159098, 0.5667616008159098, 0.5667616008159098, 0.5667616008159098, 0.5644359002447061, 0.5644359002447061, 0.5644359002447061, 0.5644359002447061, 0.5644359002447061, 0.5644359002447061, 0.5644359002447061, 0.5639844867616601, 0.5639844867616601, 0.5639844867616601, 0.5639844867616601, 0.5639844867616601, 0.5639844867616601, 0.5618847399745673, 0.5618847399745673, 0.5618847399745673, 0.5618847399745673, 0.5618847399745673, 0.5618847399745673, 0.5653511251908501, 0.5653511251908501, 0.5653511251908501, 0.5653511251908501, 0.5653511251908501, 0.5653511251908501, 0.5653511251908501, 0.5651689110478589, 0.5651689110478589, 0.5651689110478589, 0.5651689110478589, 0.5651689110478589, 0.5651689110478589, 0.5669831374666133]
nauc_std: 0.0016199294905103242
alc_var: 8.904381674530141e-06
nauc_var: 2.624171554225038e-06
alc_std: 0.0029840210579903993
alc_mean: 0.7361673548522023
nauc_mean: 0.7799451327107045
