score: 0.7621898978278326
Duration: 1014.9318084716797
timestamps: [15.529714345932007, 17.367480993270874, 21.367982625961304, 27.89952254295349, 35.779006481170654, 45.95200991630554, 68.73933601379395, 82.55131101608276, 97.93291139602661, 115.16558337211609, 135.656653881073, 314.9571087360382, 603.1585907936096, 700.8749718666077, 1014.9318084716797]
nauc_scores: [0.4366529081652262, 0.47555865579465584, 0.6614221557385258, 0.8269907356447088, 0.8227684384939224, 0.7643787675003695, 0.8396250433120069, 0.8543997428999375, 0.8608848699756806, 0.8515658663522019, 0.8481829012036868, 0.8407635957463298, 0.8598691516309935, 0.850424304066357, 0.8332837956287449]
nauc_var: 0.00028266206088974646
alc_mean: 0.7616961183382573
nauc_std: 0.016812556643465815
alc_std: 0.008800745819761728
alc_var: 7.745312698405353e-05
nauc_mean: 0.8288220145560938
