score: 0.8949214380075358
Duration: 75.59403681755066
timestamps: [11.645324468612671, 19.37381148338318, 33.451236724853516, 61.948848247528076, 68.2597439289093, 69.96911978721619, 74.13502049446106, 75.59403681755066]
nauc_scores: [0.7003798279186564, 0.8924750470685832, 0.9246181536464211, 0.9438423941546668, 0.9599882657910488, 0.9599882657910488, 0.9689322670766298, 0.9689322670766298]
accuracy: [0.05948632978940517, 0.14725874492790955, 0.4057701846869727, 0.38305563879852494, 0.4036495529290795, 0.4036495529290795, 0.44327963535667486, 0.44327963535667486]
nauc_var: 2.493637234545342e-05
nauc_std: 0.004993633180906805
alc_mean: 0.893902533991713
alc_var: 1.4239263521477182e-05
alc_std: 0.0037734948683517755
nauc_mean: 0.9708703744413321
