score: -0.0007519423076993616
Duration: 165.8773443698883
timestamps: [43.96763634681702, 51.83561444282532, 60.11115789413452, 68.97049927711487, 78.04676699638367, 87.18084573745728, 98.13161563873291, 112.14579701423645, 131.51385593414307, 157.75127029418945, 165.8773443698883]
nauc_scores: [0.0022434758986926706, 0.0020973255718952366, -0.005253745302287616, -0.008323759803921416, -0.026008561478758185, 5.304330066291385e-07, 3.982843144179071e-08, 4.9019607706313195e-08, 2.308006541440477e-08, 2.7167075162815024e-06, 2.033088235320335e-06]
accuracy: [0.05555499710649041, 0.055558324781542635, 0.05544512736368049, 0.05536201760296154, 0.05433577735193164, 0.05443584560657492, 0.05710253329020062, 0.05716275180320666, 0.05614237091863109, 0.056396868507670145, 0.05639264354139929]
nauc_var: 3.7152580773996833e-07
alc_var: 8.047122932987881e-08
nauc_mean: 0.00011452638983403541
alc_std: 0.0002836745130072119
alc_mean: -0.0005834972387224336
nauc_std: 0.0006095291689000358
