score: 0.930413099094428
Duration: 17.663511514663696
timestamps: [12.779804229736328, 17.663511514663696]
nauc_scores: [0.983602553398212, 0.9936479119689228]
accuracy: [0.8463488759562892, 0.8990047573618862]
alc_mean: 0.9303403519223566
alc_var: 1.2577297613806127e-08
nauc_std: 0.00016525931910150586
nauc_var: 2.7310642549893343e-08
nauc_mean: 0.9937433842153224
alc_std: 0.00011214855154573387
