score: 0.8726636661187995
Duration: 58.00993204116821
timestamps: [0.5318548679351807, 0.8301637172698975, 1.3132686614990234, 1.6296756267547607, 1.982656717300415, 2.4613354206085205, 2.8265295028686523, 3.1788158416748047, 3.6412882804870605, 3.996556520462036, 4.31536865234375, 4.6466333866119385, 5.127651929855347, 5.546144723892212, 5.927587985992432, 6.456609010696411, 6.902522563934326, 7.342657089233398, 7.947666645050049, 8.397602081298828, 8.829829454421997, 9.354135036468506, 9.797467231750488, 10.331902980804443, 10.88495922088623, 11.377289533615112, 11.968023300170898, 21.89445209503174, 30.907819032669067, 41.2055447101593, 49.91494798660278, 58.00993204116821]
nauc_scores: [0.5962448023363576, 0.7317811219637109, 0.8274928208223589, 0.8492967149546384, 0.8512580327529022, 0.8527902765583846, 0.8530269150570677, 0.8564173998268461, 0.8579620280948199, 0.857809603941079, 0.8598940042434886, 0.8597331967612916, 0.8580915886254998, 0.8593315591161839, 0.8611457876060871, 0.862033658301629, 0.8632561000146328, 0.8646241067944591, 0.8650627072968491, 0.8660483199809774, 0.8655024509803919, 0.8669306653009463, 0.8671105258023608, 0.8667325139010829, 0.8666473469051801, 0.8665884730757978, 0.866491683738172, 0.8742012974343967, 0.8772535911130621, 0.8759008267486097, 0.8765804479441031, 0.8776449401277922]
accuracy: [0.616927674609761, 0.6108997759259253, 0.6842789922839498, 0.7149530387345814, 0.7245980615471631, 0.728641358039482, 0.7302266480649792, 0.7359793628371432, 0.7392385709294109, 0.7411651523481002, 0.744302389600505, 0.7457481770192119, 0.7460053575150842, 0.7483414633830172, 0.7517547874999606, 0.7536832679052137, 0.7560122686495477, 0.7586646823155484, 0.7598285904074544, 0.7616105595804505, 0.7614760936573293, 0.7638614922486129, 0.7646775911805695, 0.7648993463612406, 0.765203343604503, 0.7654228195475785, 0.7655962705102655, 0.7731065289082456, 0.7764837417563953, 0.7765678802366047, 0.7766423243385733, 0.7774252434895621]
alc_var: 6.132457260963005e-05
nauc_std: 0.007797262950740595
nauc_mean: 0.8783908806803156
alc_std: 0.007831000741260983
alc_mean: 0.8685779144480176
nauc_var: 6.0797309522991934e-05
