score: 0.39239416827664875
Duration: 59.560083866119385
timestamps: [10.955626726150513, 14.35603141784668, 17.87709665298462, 21.77661657333374, 26.66495633125305, 32.903823137283325, 42.56705641746521, 57.90897250175476, 59.560083866119385]
nauc_scores: [0.07341167690813921, 0.07143288029965911, 0.09007768553920559, 0.0936864440620584, 0.09998491222711858, 0.10369419285281856, 0.21551251166566843, 0.47734914389191263, 0.47734914389191263]
alc_mean: 0.33775865990264825
alc_var: 0.010711778349273086
nauc_std: 0.058657335011823165
alc_std: 0.10349772146899218
nauc_mean: 0.46577606462039556
nauc_var: 0.003440682950689256
