score: 0.13490530236129558
Duration: 28.14871573448181
timestamps: [11.30296277999878, 12.7727952003479, 14.404942989349365, 15.965310096740723, 17.699030876159668, 19.83520007133484, 22.766628742218018, 27.325335025787354, 28.14871573448181]
nauc_scores: [-0.021427027194101278, -0.02294615989449611, -0.01621835829005569, -0.016152996745568582, 0.011792848518099808, 0.09372183837028669, 0.11487520973224741, 0.15079683145830125, 0.15079683145830125]
alc_std: 0.004785420818660585
alc_var: 2.2900252411670146e-05
nauc_mean: 0.15100834821969084
alc_mean: 0.12981803270962172
nauc_var: 6.753863530167963e-05
nauc_std: 0.00821818929580474
