score: 0.20866260886833682
Duration: 699.6218791007996
timestamps: [31.007159948349, 53.372615337371826, 77.36448907852173, 103.9885082244873, 133.55656623840332, 169.11516284942627, 218.13398814201355, 298.285808801651, 434.567378282547, 699.6218791007996]
nauc_scores: [0.10225393154827755, 0.10968646342557808, 0.12119607246796904, 0.15117456744943314, 0.1894355897406963, 0.22605813236289118, 0.2681910295779244, 0.3009308269879327, 0.31945241818900216, 0.3308719053252207]
accuracy: [0.47529658414436615, 0.4874747549934563, 0.49888017572147564, 0.5102473996504228, 0.5018740111666875, 0.48083109485777115, 0.4913150399044577, 0.4989513206759179, 0.5011884089313384, 0.48830841805839553]
nauc_var: 0.0006963341259463015
nauc_mean: 0.33448527576995757
alc_mean: 0.2226910449248744
alc_std: 0.01224047845189083
nauc_std: 0.026388143662378023
alc_var: 0.0001498293127312037
