score: 0.8145405954420575
Duration: 443.5935037136078
timestamps: [35.027034521102905, 43.05095052719116, 54.978007793426514, 67.73593068122864, 82.50465321540833, 98.52022504806519, 106.53603887557983, 114.6371386051178, 169.6609320640564, 205.56908226013184, 244.72587966918945, 285.68237709999084, 326.6710662841797, 364.7344102859497, 403.4758770465851, 441.0515658855438, 443.5935037136078]
nauc_scores: [0.35898656789006433, 0.8422680416786883, 0.9608432776917932, 0.9662706815175062, 0.9804873509916767, 0.9852251042895597, 0.9868862244695886, 0.9883557585101106, 0.9878043160863343, 0.987840969537503, 0.9889859755773496, 0.9891716251181093, 0.9904218111671923, 0.990533904523506, 0.9892811956013041, 0.986396169003064, 0.986396169003064]
accuracy: [0.6137751409380727, 0.7776793323197144, 0.8853465354609884, 0.8437254751306975, 0.8913886594465892, 0.8961998253057251, 0.8990865233031752, 0.9077488915635843, 0.9031698214700775, 0.8973642133961887, 0.8987401798642635, 0.9018769369057644, 0.9068030908034416, 0.9111301463910854, 0.9112956513206322, 0.9114611566197528, 0.9114611566197528]
alc_std: 0.00046732500217824764
alc_var: 2.1839265766089914e-07
nauc_var: 5.1506055002935286e-08
alc_mean: 0.8146580219752654
nauc_mean: 0.9865160172772969
nauc_std: 0.0002269494547315223
