score: 0.8412634457418708
Duration: 80.59243631362915
timestamps: [29.143001079559326, 36.26461958885193, 40.81037926673889, 45.11893343925476, 49.82125759124756, 54.136995792388916, 58.47555637359619, 62.868659019470215, 67.25659441947937, 71.82932257652283, 76.15053725242615, 80.59243631362915]
nauc_scores: [0.9415117179575658, 0.9415117179575658, 0.9585856943126769, 0.9632761628759265, 0.9647620480936607, 0.966508941397348, 0.9662083251026392, 0.9668874611036782, 0.967921465103138, 0.9683940992534326, 0.9686785348925282, 0.9686785348925282]
accuracy: [0.7463957651033012, 0.7463957651033012, 0.8407448215014693, 0.8511697204409315, 0.8615260333168016, 0.8617674453979023, 0.861504396608686, 0.8666482915328181, 0.8635023824384183, 0.8694587996073797, 0.8690213318387157, 0.8690213318387157]
nauc_std: 0.0012865392575768856
alc_mean: 0.8414022124260118
alc_var: 3.6029537788530245e-07
alc_std: 0.0006002460977676593
nauc_mean: 0.9693322836406975
nauc_var: 1.655183261286484e-06
