score: 0.3596777317566561
Duration: 279.13424944877625
timestamps: [263.68717217445374, 273.8372573852539, 276.4713912010193, 279.13424944877625]
nauc_scores: [0.7855681076843788, 0.7855681076843788, 0.806312230346657, 0.806312230346657]
accuracy: [0.721906246087974, 0.721906246087974, 0.7901148591727174, 0.7901148591727174]
nauc_std: 0.002854631472645203
alc_var: 4.284731548316966e-07
alc_mean: 0.3602682588167941
nauc_var: 8.148920844616522e-06
alc_std: 0.000654578608596169
nauc_mean: 0.8064106597062874
