score: 0.8495119223672813
Duration: 1016.9949505329132
timestamps: [3.6221134662628174, 5.786137580871582, 11.197753429412842, 18.421231985092163, 27.864248275756836, 39.002230405807495, 51.67819380760193, 67.33651638031006, 85.05963325500488, 104.84663724899292, 124.9797477722168, 148.07491874694824, 187.7178213596344, 342.667662858963, 372.652548789978, 664.7128992080688, 730.4288265705109, 1016.9949505329132]
nauc_scores: [0.4069805486056246, 0.5536404302896232, 0.6728690283112004, 0.7754028219164555, 0.7868593208021759, 0.8266984799960466, 0.8483052606895496, 0.8473178340989582, 0.8752371887028565, 0.8798882263438728, 0.8804917192789601, 0.8857718751717323, 0.8954322351889783, 0.9214495908644835, 0.9225586645918549, 0.9145185460683114, 0.9265791125425034, 0.9307832661580417]
accuracy: [0.03283953229779212, 0.04319186116079271, 0.07197285721251903, 0.11456130762792145, 0.13051300538574068, 0.16463361660308645, 0.18351460580546067, 0.19505851548881978, 0.23231662118989108, 0.2426527213276609, 0.2527384371518993, 0.2645366074677667, 0.28623330678743775, 0.37721859925590373, 0.3895569938100582, 0.43166545156586866, 0.39802182989788737, 0.4312423027742185]
nauc_std: 0.0015705074048784197
alc_var: 1.3620667374593413e-06
alc_std: 0.0011670761489548749
alc_mean: 0.8502386374481737
nauc_mean: 0.9308783014845007
nauc_var: 2.4664935087779487e-06
