score: 0.8100703632322201
Duration: 75.45547723770142
timestamps: [9.299763917922974, 15.625836849212646, 22.04812502861023, 28.81374192237854, 36.34168314933777, 45.023120164871216, 57.343172550201416, 74.38925647735596, 75.45547723770142]
nauc_scores: [0.09428557602702936, 0.13544654723303418, 0.2712071863205585, 0.32816609777208927, 0.4978185103506909, 0.829855954199783, 0.909474135109128, 0.9563589248723905, 0.9563589248723905]
accuracy: [0.05007219844612855, 0.05021762983590492, 0.05396491699218221, 0.06438799196393769, 0.10426539520968851, 0.2829702360225789, 0.4787088309937698, 0.6429303598128042, 0.6429303598128042]
nauc_std: 0.0019400866235539502
alc_mean: 0.8106104473471649
alc_var: 1.4841052383419149e-06
alc_std: 0.0012182385802222465
nauc_mean: 0.9561053716037451
nauc_var: 3.7639361068929667e-06
