score: 0.657028009979322
Duration: 19.502568244934082
timestamps: [5.860708951950073, 7.391883373260498, 8.852860927581787, 10.424522876739502, 11.89259123802185, 13.49260401725769, 15.043369054794312, 16.87397837638855, 18.996312141418457, 19.502568244934082]
nauc_scores: [-0.01932617697738004, -0.01637540334390819, -0.008233023737319378, 0.002982049641813367, 0.012510933698536508, 0.03614580583962401, 0.09917057616368408, 0.4153214106790206, 0.7172954126050854, 0.7172954126050854]
accuracy: [0.049404902752924695, 0.04912714348785806, 0.04831893891058643, 0.04779274565621477, 0.05005441944504513, 0.05092944133436476, 0.05203006696964956, 0.06191881979219517, 0.17399119875658525, 0.17399119875658525]
nauc_std: 0.0056469383074649595
nauc_var: 3.188791224831522e-05
alc_var: 8.982088345936388e-06
alc_mean: 0.6582950605891846
alc_std: 0.002997013237531057
nauc_mean: 0.7169755281460686
