score: 0.9032676053060669
Duration: 39.81996703147888
timestamps: [14.265524864196777, 39.81996703147888]
nauc_scores: [0.8318619777777776, 0.9875844333333332]
accuracy: [0.5515300932260098, 0.8081271620086323]
