score: 0.0
Duration: 982.3129012584686
timestamps: [53.897891998291016, 99.80535888671875, 150.60725092887878, 197.48006987571716, 246.1677417755127, 295.6004524230957, 352.8956489562988, 410.96794748306274, 483.1172425746918, 583.0522172451019, 727.8264451026917, 982.3129012584686]
nauc_scores: [0.0, 0.0, 0.0, 0.0, 0.0, 0.0, 0.0, 0.0, 0.0, 0.0, 0.0, 0.0]
accuracy: [0.2908421232453628, 0.3582092174964692, 0.429181289123613, 0.3789589868826173, 0.3503572369690615, 0.38048611517790043, 0.310718450868704, 0.3493426350328678, 0.3209631459648851, 0.3543857649639598, 0.38476356335569845, 0.4037702063347111]
nauc_std: 0.0
alc_var: 0.0
nauc_var: 0.0
nauc_mean: 0.0
alc_std: 0.0
alc_mean: 0.0
