score: -0.019752086673776644
Duration: 32.41276669502258
timestamps: [12.958361148834229, 15.728440046310425, 18.77058744430542, 21.95811438560486, 25.706122875213623, 31.0303053855896, 32.41276669502258]
nauc_scores: [0.021367932285958124, 0.07386010078382399, -0.012260619390384808, 0.04836317696968062, -0.0831225227799336, -0.04257264935111971, -0.022914285614371033]
accuracy: [0.34033768285243066, 0.3427241700414307, 0.3464509834489386, 0.3580887526723904, 0.39784551722937184, 0.5195852365735547, 0.5185955056999166]
nauc_std: 0.08106227680354688
alc_mean: -0.06605696556934477
nauc_var: 0.006571092720574855
alc_std: 0.05632723653570255
nauc_mean: -0.0420334867435874
alc_var: 0.003172757575748984
