score: 0.6189518742035932
Duration: 181.58815336227417
timestamps: [5.891255855560303, 7.361687421798706, 11.246216773986816, 16.981806755065918, 27.53807806968689, 37.85086917877197, 49.00950765609741, 159.93370127677917, 176.15349674224854, 181.58815336227417]
nauc_scores: [0.3738665388251299, 0.33905426824293716, 0.6209411526448558, 0.7039001091260537, 0.6850209195562382, 0.6810007806561738, 0.6026054266804917, 0.6872049197306058, 0.7994336935414417, 0.6531330848509842]
nauc_mean: 0.652249845543125
nauc_std: 0.0888428120829698
nauc_var: 0.007893045258809885
alc_var: 0.007360419459541215
alc_mean: 0.6016489776348879
alc_std: 0.08579288699852229
