score: 0.6937727545662188
Duration: 423.5030777454376
timestamps: [54.27725887298584, 72.94056701660156, 87.13372278213501, 100.90683221817017, 114.77697205543518, 128.33070755004883, 141.3627586364746, 154.63727712631226, 178.28778791427612, 191.41974067687988, 204.5299506187439, 217.88211822509766, 242.0900640487671, 255.43868112564087, 279.53399324417114, 292.39506316185, 305.8329162597656, 319.04907178878784, 332.34290862083435, 356.8715088367462, 391.3056089878082, 401.6310987472534, 404.85781717300415, 408.1020863056183, 411.39843678474426, 414.32720971107483, 417.62271451950073, 420.57961320877075, 423.5030777454376]
nauc_scores: [0.7695425090751318, 0.795571472392608, 0.8416496252695898, 0.8616770592162266, 0.8713903455330079, 0.8773104143298234, 0.8799973556598308, 0.8813021294708778, 0.8863754104763268, 0.8882015643841292, 0.8890524445802714, 0.890317724286811, 0.8914399734692784, 0.8935550074498733, 0.894261208878605, 0.8950894638147608, 0.8959060513555317, 0.8964796831201325, 0.8964261160999158, 0.8977595724985319, 0.897785985475898, 0.8990985248182142, 0.9000750488141631, 0.8997994641712359, 0.9007305784191764, 0.9015138815267205, 0.9002498223463724, 0.9019484112804084, 0.902303272164096]
accuracy: [0.6946366688268272, 0.6339487370356466, 0.810739683698959, 0.7453749888044235, 0.7718033071762459, 0.8049145829655154, 0.8261898369627166, 0.8365639685192852, 0.8052227232419742, 0.8043436370758127, 0.7940393577807452, 0.8330743722105082, 0.83904541330413, 0.8254021469118333, 0.8468327494664167, 0.810331008256533, 0.8401967230501185, 0.7970310601730981, 0.8264640929938538, 0.8168188132004393, 0.8367520780906277, 0.8351590000290485, 0.8338713484147395, 0.8364716416811316, 0.833000316970053, 0.8232610737881201, 0.8476028231052053, 0.8455085816737016, 0.8377946261108178]
alc_std: 0.0004630128998746293
alc_var: 2.143809454503135e-07
nauc_var: 4.553840695498615e-06
alc_mean: 0.6940888438013937
nauc_std: 0.0021339729837789923
nauc_mean: 0.9032392272098724
