score: 0.863948987933915
Duration: 400.25497174263
timestamps: [18.34953761100769, 22.043798208236694, 32.859501361846924, 40.850114583969116, 49.16154766082764, 59.51587653160095, 72.45350646972656, 100.18909287452698, 171.91015768051147, 400.25497174263]
nauc_scores: [0.7289644577979069, 0.8699301554830063, 0.8621385613562247, 0.9571998694912462, 0.9428263772491865, 0.9095404920248449, 0.9545109587008058, 0.9542989900430792, 0.9631443599541651, 0.9615601784760337]
accuracy: [0.2701627851452577, 0.514678966220362, 0.5627504235437544, 0.7528725600543256, 0.7532234008993438, 0.7288725365413485, 0.8291895143037568, 0.8126877665662114, 0.8619101016559391, 0.8598271847992922]
alc_std: 0.0060226659418891665
nauc_var: 3.0335090303476878e-05
nauc_mean: 0.9604842754095559
alc_mean: 0.8647486392480401
alc_var: 3.627250504759172e-05
nauc_std: 0.005507730049982195
