score: 0.6340087495557745
Duration: 201.2954249382019
timestamps: [67.65652704238892, 90.48824000358582, 112.3738181591034, 134.11122250556946, 156.460120677948, 178.48335647583008, 201.2954249382019]
nauc_scores: [0.24165872669480826, 0.8175787657086273, 0.8849525713943494, 0.893165199127006, 0.8993116785774178, 0.8950719436238375, 0.8950719436238375]
accuracy: [0.11425027342259446, 0.32805073101880555, 0.47461954181128424, 0.5375499787553084, 0.5638239703216575, 0.5916487118396584, 0.5916487118396584]
nauc_std: 0.0009875547755262297
nauc_var: 9.75264434664662e-07
alc_std: 0.0009875845600506583
alc_mean: 0.6338645111409404
alc_var: 9.753232632504524e-07
nauc_mean: 0.8945082967157765
