score: 0.8503259314662153
Duration: 336.9051058292389
timestamps: [19.596686840057373, 27.72694730758667, 36.1530966758728, 45.700390577316284, 56.19904446601868, 68.5273699760437, 84.73846673965454, 107.45244526863098, 143.71895742416382, 211.97519898414612, 334.0283830165863, 336.9051058292389]
nauc_scores: [0.43398418696488483, 0.4228150223212841, 0.6593758946143482, 0.917804654197425, 0.9634896707938716, 0.9719286249398951, 0.9832316127610412, 0.9883821280647413, 0.9893566614295406, 0.9928987244915402, 0.9934631965355969, 0.9934631965355969]
accuracy: [0.1260718480260807, 0.1916397070174809, 0.26817216182707726, 0.5962366568356425, 0.7714732937630883, 0.7822088241994037, 0.8318829126575374, 0.863493537317751, 0.8854908089180028, 0.9208777970708215, 0.9304070078423117, 0.9304070078423117]
alc_std: 0.00024664106395048534
alc_var: 6.08318144266274e-08
nauc_mean: 0.9934319839945458
nauc_std: 0.00017734418812204928
nauc_var: 3.1450961060668807e-08
alc_mean: 0.8502670565391611
