score: 0.6616472787936474
Duration: 432.4598786830902
timestamps: [43.5701105594635, 73.58209347724915, 122.25560712814331, 143.22761487960815, 164.03263998031616, 184.70394659042358, 204.9278848171234, 225.25468587875366, 245.66080284118652, 266.0942597389221, 286.8251893520355, 307.17804503440857, 327.7816479206085, 348.4395315647125, 369.60907316207886, 390.60913848876953, 411.14791560173035, 432.4598786830902]
nauc_scores: [0.21700751287758346, 0.8292594076830269, 0.8313927614381347, 0.88392998109732, 0.8900622920515415, 0.8903756392323616, 0.8923413373174538, 0.8938376409036628, 0.8914129300676961, 0.8878860617170146, 0.8884106804939742, 0.8835087357501992, 0.8838431522871488, 0.8754242992065366, 0.8782618134572167, 0.8802427005066433, 0.8796234038517134, 0.8796234038517134]
accuracy: [0.11497144074549588, 0.4142636910453415, 0.3720130158008013, 0.526663029075968, 0.5312565979011472, 0.5239635920116996, 0.5629689088884979, 0.5685185070618403, 0.5893819676909023, 0.6268710776158704, 0.5716857491970873, 0.6085303194806662, 0.6210442898719226, 0.6134187601557983, 0.6181298381425403, 0.6524018023588947, 0.6579299052651549, 0.6579299052651549]
alc_var: 5.775225998117548e-07
alc_mean: 0.6615415470053245
nauc_std: 0.002039449933202559
alc_std: 0.0007599490771175097
nauc_var: 4.159356030039923e-06
nauc_mean: 0.8795379074410203
