score: 0.829687321121079
Duration: 63.52458930015564
timestamps: [31.864805221557617, 39.108054876327515, 43.209245920181274, 47.22306680679321, 51.410123109817505, 55.44542980194092, 59.41954970359802, 63.52458930015564]
nauc_scores: [0.9376280376233077, 0.9376280376233077, 0.958421805095655, 0.9614260790697351, 0.9654719144052586, 0.965584424533142, 0.9661206001548837, 0.9661206001548837]
accuracy: [0.753568205142393, 0.753568205142393, 0.8361897349605918, 0.8493996453223983, 0.8523659169167749, 0.8555517243555874, 0.8584879096536137, 0.8584879096536137]
nauc_var: 4.572212493721876e-07
alc_std: 0.001058379224905547
nauc_std: 0.0006761813731331169
alc_var: 1.1201665837116664e-06
nauc_mean: 0.9658115035522774
alc_mean: 0.8298249058330882
