score: 0.8615732948243829
Duration: 542.0249950885773
timestamps: [4.673116445541382, 9.860771417617798, 15.426865100860596, 22.770408630371094, 32.417317390441895, 43.0458550453186, 53.74927020072937, 64.82122874259949, 75.59865832328796, 86.36910605430603, 99.12369513511658, 114.26650428771973, 130.73480868339539, 176.40046334266663, 183.80980801582336, 196.26589512825012, 206.2776370048523, 218.73019194602966, 233.6718235015869, 251.40119290351868, 270.46805214881897, 299.83684754371643, 359.76766991615295, 421.258873462677, 482.04225063323975, 542.0249950885773]
nauc_scores: [0.4832487856788461, 0.7104215627609849, 0.7433659086802475, 0.8111521496628962, 0.843709302755389, 0.8581716654396518, 0.8715243200180609, 0.8791217172985966, 0.8896523966528023, 0.898715301205836, 0.9025721881580155, 0.9056101745883811, 0.9101433204292697, 0.9027798051028011, 0.90036854932772, 0.9034652942437449, 0.903928420943783, 0.908343931346302, 0.9139792024201876, 0.9183507046359005, 0.9211514269395766, 0.9255440256225542, 0.926769299609921, 0.9243926183108899, 0.9226472270469779, 0.9226472270469779]
accuracy: [0.042605697459759076, 0.08751365401962961, 0.11350877747071242, 0.11096707285337329, 0.13383954136570764, 0.15596953279086634, 0.17381977816267918, 0.19021384469998118, 0.20364238575894655, 0.2225663243319017, 0.22287515472813882, 0.22739177269798605, 0.23804005964504837, 0.2191677622040368, 0.20412609425286812, 0.21077728534893347, 0.21714689915366495, 0.22799565854111026, 0.24371202682763268, 0.25506426867111465, 0.26761971127064, 0.2884166599813574, 0.3048822802848028, 0.3187286195621405, 0.32566240305922384, 0.32566240305922384]
alc_std: 0.0010302365485503945
alc_mean: 0.8609190701882433
nauc_std: 0.0013920072502782881
nauc_mean: 0.9238573757150572
nauc_var: 1.9376841848273207e-06
alc_var: 1.0613873459690295e-06
