score: 0.8078659550950391
Duration: 1011.396623134613
timestamps: [10.22432827949524, 13.64771032333374, 19.90699863433838, 27.30525255203247, 38.61327838897705, 51.57604956626892, 66.48881030082703, 83.17174053192139, 101.40867352485657, 121.27054762840271, 144.00712394714355, 172.18505001068115, 197.35136318206787, 227.09979820251465, 257.1689636707306, 292.4266393184662, 327.3941385746002, 365.76786637306213, 732.9879603385925, 929.6584477424622, 970.4696528911591, 1011.396623134613]
nauc_scores: [0.4594230640362367, 0.5671862762999236, 0.6733191204237481, 0.7266095998179307, 0.7730191291671689, 0.7985588264740942, 0.8237077710537466, 0.7448817417159885, 0.8339192563144944, 0.8449022389667056, 0.8751317448059868, 0.89410105043727, 0.9038444754206623, 0.8800745757534723, 0.9147273275804286, 0.9109936379598886, 0.9230287687755381, 0.9150918046151613, 0.9280305311558363, 0.9223000555745411, 0.9257606531743123, 0.9257606531743123]
nauc_var: 1.827258455773998e-06
alc_var: 9.925393759977701e-07
nauc_std: 0.0013517612421481827
alc_std: 0.0009962627043093454
alc_mean: 0.8071241352341707
nauc_mean: 0.9259076900252474
