score: 0.9178516171507425
Duration: 86.46581101417542
timestamps: [9.270387411117554, 19.12540602684021, 23.330216646194458, 27.563671827316284, 31.322046279907227, 35.5955593585968, 39.620691537857056, 44.136491775512695, 48.308358907699585, 59.596384048461914, 72.83845782279968, 77.50881552696228, 79.76135897636414, 82.0008373260498, 84.23388814926147, 86.46581101417542]
nauc_scores: [0.8862980801014273, 0.9167269047963786, 0.9347219823382997, 0.9456065839377339, 0.950350589305204, 0.954681174924412, 0.9576135979058504, 0.9598538157800345, 0.9616233970082526, 0.9647207044127233, 0.9690891285870624, 0.9694174815302214, 0.9698895086201909, 0.9700566342997194, 0.9699980152304795, 0.9705418311998575]
accuracy: [0.5988532569095565, 0.6544694611139156, 0.7373839936730352, 0.7790831462290732, 0.794320415241473, 0.8078467871149237, 0.8133495972544249, 0.8259128090282948, 0.8307053683626692, 0.8480054740125983, 0.8572309800587851, 0.8585309527897274, 0.8561826087714095, 0.859502425424103, 0.8607106891055667, 0.8607372718606252]
