score: 0.8743796317769519
Duration: 351.02606081962585
timestamps: [13.21658968925476, 15.812083005905151, 23.32174062728882, 31.531434059143066, 41.34438443183899, 52.202006816864014, 65.82934284210205, 78.5595235824585, 97.22860789299011, 117.38753533363342, 137.97680568695068, 161.09339928627014, 228.9741039276123, 351.02606081962585]
nauc_scores: [0.6011263655573915, 0.7655407988450382, 0.7532524069211628, 0.8216563580716474, 0.8772892061138517, 0.8937641398663589, 0.911406983153803, 0.936328372063578, 0.9481605413948737, 0.9558354882527664, 0.9624231324022916, 0.9667465842336389, 0.9719489817529539, 0.9726002922172219]
accuracy: [0.6578237897831283, 0.5974368038089862, 0.5814426598019237, 0.6462416638043994, 0.6371583392800904, 0.646409659685153, 0.6707796843150554, 0.7141896496826973, 0.7465787275539535, 0.7749263635173635, 0.8077589610569795, 0.839358444430899, 0.8814455293651663, 0.8955438009313957]
nauc_mean: 0.9719891057913733
nauc_var: 1.800422203139032e-06
alc_var: 5.680018711312275e-06
alc_std: 0.0023832789831054768
alc_mean: 0.8736997029922291
nauc_std: 0.001341798123094168
