score: 0.9077794267187649
Duration: 65.75758767127991
timestamps: [5.407990217208862, 7.116038084030151, 12.907063484191895, 19.624495029449463, 28.079275131225586, 38.278714418411255, 50.807884216308594, 65.75758767127991]
nauc_scores: [0.7612156838165183, 0.8286970373288174, 0.9103469612857651, 0.9236661126438594, 0.9367152184085423, 0.9405063234426931, 0.9416849885034864, 0.9405180689603496]
accuracy: [0.35149730763198, 0.4898095851981954, 0.6538982918750735, 0.5978057242884299, 0.6741998646023445, 0.7039661740083117, 0.743960647274113, 0.7692107643891793]
alc_var: 6.857319296332329e-06
nauc_var: 2.3880557043550415e-05
nauc_std: 0.0048867736845029375
alc_std: 0.0026186483720294198
nauc_mean: 0.9403706179534496
alc_mean: 0.914255931376686
