score: -0.013936459746095356
Duration: 23.118539810180664
timestamps: [8.857985973358154, 10.381003618240356, 12.061002254486084, 13.944741010665894, 15.89127492904663, 18.582457780838013, 22.272375106811523, 23.118539810180664]
nauc_scores: [0.000516147602180661, -0.0013998315744739864, 0.003446600500896846, -0.0038413227256672844, -0.0025912583047684734, 0.0035740313055323547, -0.016353088709037733, -0.015560821043919981]
accuracy: [0.05203516705788894, 0.05187082774877332, 0.037153516104261895, 0.04927203043641878, 0.054348555189466394, 0.10919170133895466, 0.10085840640855225, 0.09984374038101604]
nauc_std: 0.006934481855876213
nauc_mean: -0.015399298349152112
alc_var: 3.612261030670995e-05
alc_mean: -0.011562249860906624
nauc_var: 4.8087038609476404e-05
alc_std: 0.0060102088405237595
