score: 0.0007249238619243712
Duration: 773.2733640670776
timestamps: [225.4605667591095, 245.4923610687256, 265.9921007156372, 286.35649275779724, 308.2141966819763, 328.83623242378235, 350.0549683570862, 371.02519726753235, 388.60055589675903, 406.63565015792847, 431.7293281555176, 454.77956557273865, 486.21067667007446, 536.3670098781586, 620.862542629242, 752.9598877429962, 773.2733640670776]
nauc_scores: [-0.0019196094383699958, 0.0033452937349511824, 0.0007098861031429315, 0.0017329122358078486, -0.0009252812164739499, -0.00020904842155189396, -0.002375880370027561, 0.00824101438446978, 0.0360955988509537, 0.004980047550243505, 0.002897435906318968, 0.0006587141657083961, -0.0003806345060857197, -2.7224218666077604e-06, 0.0, 0.0, 0.0]
accuracy: [0.8737903020991633, 0.8731269109301135, 0.8701845481294224, 0.8963201084714109, 0.9049023165832352, 0.931675395876775, 0.9247566115187823, 0.9175707496474205, 0.7633077946273511, 0.728399593249107, 0.8157135227740073, 0.8696259568688754, 0.8823753633273104, 0.884933083706667, 0.8823139712107777, 0.8820669792012392, 0.8820669792012392]
nauc_std: 0.0
nauc_mean: 0.0
alc_mean: 0.0006686249536494443
nauc_var: 0.0
alc_var: 9.361407568765003e-09
alc_std: 9.675436718187455e-05
