score: 0.882693600557567
Duration: 241.73847579956055
timestamps: [20.23509645462036, 23.510096549987793, 27.189770936965942, 38.24411177635193, 39.46103000640869, 40.558316707611084, 42.74367928504944, 48.759684801101685, 50.04516053199768, 51.15051889419556, 53.297988414764404, 55.400126695632935, 60.42980217933655, 63.651631593704224, 67.00962495803833, 73.60573816299438, 80.14077544212341, 86.68253970146179, 158.14065027236938, 161.2502007484436, 164.34133553504944, 170.2313358783722, 176.00365710258484, 184.22626280784607, 188.01010465621948, 192.19662022590637, 201.38462471961975, 210.64767718315125, 213.57814812660217, 214.70277404785156, 215.75938940048218, 218.26280522346497, 220.7420482635498, 225.30543971061707, 227.8177525997162, 230.17645072937012, 235.81403160095215, 241.41860675811768, 241.73847579956055]
nauc_scores: [-0.01179494444444451, 0.7930296555555558, 0.922505522222222, 0.922505522222222, 0.994604055555556, 0.994604055555556, 0.9956800777777779, 0.9956800777777779, 0.996267155555556, 0.996267155555556, 0.996267155555556, 0.996267155555556, 0.996267155555556, 0.9951810111111108, 0.9956849333333331, 0.9956849333333331, 0.9956849333333331, 0.9956849333333331, 0.9972704222222224, 0.9959706777777779, 0.9959706777777779, 0.9959706777777779, 0.9959706777777779, 0.9976783666666666, 0.9971583888888891, 0.9971583888888891, 0.9971583888888891, 0.9971583888888891, 0.9980853333333335, 0.9980853333333335, 0.9980853333333335, 0.9980853333333335, 0.9980853333333335, 0.9981266444444443, 0.9981266444444443, 0.9981266444444443, 0.9981266444444443, 0.9981266444444443, 0.9981727111111109]
accuracy: [0.09898144927926324, 0.43923738170341586, 0.5174908044214, 0.5174908044214, 0.919196614388537, 0.919196614388537, 0.9259549331228811, 0.9259549331228811, 0.9408959723577651, 0.9408959723577651, 0.9408959723577651, 0.9408959723577651, 0.9408959723577651, 0.9226684832557441, 0.9380805826747779, 0.9380805826747779, 0.9380805826747779, 0.9380805826747779, 0.9394882775031174, 0.934398911220191, 0.934398911220191, 0.934398911220191, 0.934398911220191, 0.937791822724483, 0.9483957860265826, 0.9483957860265826, 0.9483957860265826, 0.9483957860265826, 0.9404428124230039, 0.9404428124230039, 0.9404428124230039, 0.9404428124230039, 0.9404428124230039, 0.9426644933001793, 0.9426644933001793, 0.9426644933001793, 0.9426644933001793, 0.9426644933001793, 0.9412635202895443]
nauc_mean: 0.9981727732443149
nauc_std: 0.0002639777500833691
alc_var: 1.1760592768570975e-07
nauc_var: 6.968425253907766e-08
alc_std: 0.00034293720662201374
alc_mean: 0.8825567018391647
