score: 0.8367322952849103
Duration: 49.300227642059326
timestamps: [17.807361364364624, 23.818729877471924, 27.179269790649414, 31.120094537734985, 34.827656745910645, 38.43618702888489, 42.03526854515076, 45.62084746360779, 49.300227642059326]
nauc_scores: [0.8213439249689394, 0.8213439249689394, 0.8213439249689394, 0.8814065878253965, 0.9036931287407397, 0.9137207000563341, 0.9164418229742672, 0.9214797625036364, 0.9214797625036364]
accuracy: [0.7326570781877915, 0.7326570781877915, 0.7326570781877915, 0.789931776985732, 0.8223310385201328, 0.8371051826649353, 0.8454649400222718, 0.8495091058254662, 0.8495091058254662]
alc_var: 5.598161107962077e-06
alc_mean: 0.839392332283461
nauc_var: 1.888414863673981e-05
nauc_std: 0.004345589561468019
alc_std: 0.0023660433444808397
nauc_mean: 0.9213488718916738
