score: 0.06354149033164624
Duration: 21.892050743103027
timestamps: [9.578009605407715, 14.029884338378906, 19.789727210998535, 21.892050743103027]
nauc_scores: [0.0, 0.0011574074074074403, 0.06685597280173083, 0.0701044403234945]
accuracy: [0.0, 0.0011587485515643092, 0.21378910776361507, 0.21784607624742142]
nauc_std: 0.007303381215101904
alc_std: 0.009600825018042743
alc_mean: 0.06695335334235852
alc_var: 9.217584102707543e-05
nauc_var: 5.333937717310336e-05
nauc_mean: 0.07096082488478525
