score: 0.8385430800285792
Duration: 5.297456741333008
timestamps: [0.5086333751678467, 3.0487608909606934, 3.2092251777648926, 3.365985870361328, 3.5236618518829346, 3.6857547760009766, 3.8449385166168213, 5.297456741333008]
nauc_scores: [0.8075869884645401, 0.8075869884645401, 0.8075869884645401, 0.8075869884645401, 0.8075869884645401, 0.8075869884645401, 0.8075869884645401, 0.8417311420836993]
accuracy: [0.6427405996913573, 0.6427405996913573, 0.6427405996913573, 0.6427405996913573, 0.6427405996913573, 0.6427405996913573, 0.6427405996913573, 0.6986638231819546]
alc_var: 0.0002175220798861076
alc_mean: 0.8364410746683959
nauc_std: 0.010511701959171076
nauc_mean: 0.8446333834244525
alc_std: 0.014748629763001972
nauc_var: 0.00011049587807844103
