score: 0.8499822504333419
Duration: 226.2931628227234
timestamps: [7.547786235809326, 8.026829719543457, 9.506293535232544, 10.108839273452759, 10.61680006980896, 11.771861791610718, 15.367873191833496, 21.1265070438385, 33.55752205848694, 43.0743088722229, 54.40719437599182, 103.63366770744324, 119.52727270126343, 136.61664652824402, 192.17954230308533, 226.2931628227234]
nauc_scores: [0.49427842817981804, 0.6896728223480031, 0.717109268800076, 0.7307235372880643, 0.8005636007247898, 0.8319474929914374, 0.8458374011469627, 0.8724084417672107, 0.8767229858943644, 0.8468520279686254, 0.8919982237481356, 0.8913975715472751, 0.8924379215865028, 0.8920049616103474, 0.8954975811529724, 0.8946857718679286]
accuracy: [0.638751050758982, 0.5995161496617097, 0.6291237444071687, 0.6260805458838975, 0.6127922843569777, 0.6167630822289124, 0.6477614129027286, 0.6614735606447814, 0.6736760145800663, 0.7067247067260835, 0.6750802670312557, 0.6878673483692289, 0.7064776309496781, 0.7176253861178389, 0.7268784130365726, 0.7520604602793385]
alc_mean: 0.8514866423040683
nauc_mean: 0.8936837682958773
nauc_var: 9.147769214174593e-05
alc_var: 5.38582245682885e-05
nauc_std: 0.00956439711334415
alc_std: 0.007338816292038417
