score: 0.9361476957291438
Duration: 76.92366361618042
timestamps: [8.573495626449585, 11.75288438796997, 12.27968430519104, 12.761210203170776, 13.251517057418823, 13.741525173187256, 14.220966100692749, 15.106062173843384, 15.580874681472778, 16.35502290725708, 17.464833736419678, 17.89816689491272, 19.01803731918335, 21.4143123626709, 76.92366361618042]
nauc_scores: [0.8952507867342359, 0.9478441296797886, 0.960575411699963, 0.9662638670691006, 0.9680606776185492, 0.9711521300723489, 0.9709519399996789, 0.9719195271098684, 0.9718077644255847, 0.9745067305766539, 0.9729471306976964, 0.9745444014956455, 0.9743511312705657, 0.9755040459337472, 0.9821445046114945]
accuracy: [0.25326393671262704, 0.49197319176908, 0.6435132533176241, 0.6744017312858274, 0.6938894558895428, 0.7120617590671176, 0.7253358931767563, 0.7381554367013026, 0.7341349260877129, 0.7553029359796964, 0.760394415034018, 0.767420407941553, 0.7695975511799948, 0.7796251582165956, 0.7656208496381611]
nauc_mean: 0.9829169522667079
nauc_std: 0.0012553804354874427
nauc_var: 1.5759800378046412e-06
alc_std: 0.0008065520392136698
alc_mean: 0.936891134583034
alc_var: 6.505261919597292e-07
