score: 0.3644020688015113
Duration: 35.068398237228394
timestamps: [10.677993297576904, 13.016983270645142, 15.43486499786377, 18.225921869277954, 21.77946639060974, 26.59441328048706, 33.44848871231079, 35.068398237228394]
nauc_scores: [0.0010720113428057676, 0.001016081311428385, -0.05105773409448189, -0.0012094088509928547, 0.06231871068260264, 0.3658377903540744, 0.41508979007496016, 0.41508979007496016]
accuracy: [0.5750108084738428, 0.5750108084738382, 0.5749319682217093, 0.5750105288787257, 0.4966351623995912, 0.38566949637174847, 0.6227000166377488, 0.6227000166377488]
nauc_var: 0.0001611092369433315
nauc_std: 0.012692881349139427
alc_std: 0.00543196579922101
alc_mean: 0.3713874097465834
alc_var: 2.9506252443906743e-05
nauc_mean: 0.4131210550432418
