score: 0.7757782368089199
Duration: 1004.6870226860046
timestamps: [25.419198751449585, 45.14231991767883, 65.02598428726196, 85.3290491104126, 106.18346285820007, 128.48091101646423, 153.40138411521912, 184.1912648677826, 226.77877759933472, 293.37536120414734, 407.4489064216614, 611.7868885993958, 1004.6870226860046]
nauc_scores: [0.40617783671768115, 0.4946946722648291, 0.6274153493231622, 0.7627461231055563, 0.8832984177631673, 0.9457766825945566, 0.9757490006150569, 0.9868641047426032, 0.9933972026095907, 0.9966601370276973, 0.9978524939621323, 0.9986998976027046, 0.9990545532910555]
accuracy: [0.13765953527200012, 0.15279176792635232, 0.187177948620319, 0.2584221994415114, 0.38412273349648524, 0.5452693244540178, 0.6986075739212341, 0.8046119846129174, 0.8737778218913803, 0.9185440469191221, 0.9437461022294665, 0.9586823584061476, 0.9675912909118277]
nauc_var: 1.691726042010247e-08
nauc_std: 0.00013006636928930733
alc_mean: 0.7756831776377676
nauc_mean: 0.9990666511931048
alc_std: 0.0011375967054054008
alc_var: 1.2941262641492222e-06
