score: 0.7613137606693572
Duration: 1011.3991477489471
timestamps: [16.86805510520935, 25.85179877281189, 35.196167945861816, 44.83118987083435, 54.05870270729065, 65.17507290840149, 80.68911290168762, 113.34400200843811, 144.41410446166992, 159.7271022796631, 176.75012516975403, 401.15358662605286, 520.9928233623505, 574.8309667110443, 596.3986866474152, 618.1691973209381, 640.9784865379333, 653.1434345245361, 669.9920780658722, 687.3571312427521, 799.0536916255951, 816.4183876514435, 930.5303552150726, 1011.3991477489471]
nauc_scores: [0.4576808535790744, 0.6633715111807748, 0.6936625352468733, 0.7625855947574565, 0.7839820094087058, 0.807144516078911, 0.83274827512654, 0.8387963475301341, 0.8618075170753878, 0.8615222982488233, 0.8677472007383578, 0.8665923282210088, 0.8724362375452799, 0.8643153488597528, 0.8693415466963739, 0.8745690849055106, 0.8814988111260726, 0.8856343757422069, 0.8846261741023589, 0.8796524669660368, 0.8806957939268276, 0.8880865551761437, 0.8889885682714869, 0.8889885682714869]
accuracy: [0.04158962217933337, 0.0853278867085881, 0.10824912904123567, 0.0974765980342048, 0.10617493289769102, 0.11981810268132903, 0.14271478532907156, 0.1613658834828109, 0.21085939920843652, 0.2129184518233445, 0.2244855863578276, 0.23102488688881015, 0.25470777847243153, 0.2525725595442801, 0.23679171951222935, 0.24598442158156347, 0.2651407502339017, 0.27038999962298355, 0.2793082139435937, 0.2782209597671818, 0.29474493506466193, 0.31058136528975544, 0.3232129825684061, 0.3232129825684061]
alc_std: 0.0007824659942906537
nauc_var: 9.773590121191224e-06
nauc_std: 0.0031262741596333526
nauc_mean: 0.8899264808760627
alc_mean: 0.759451243660981
alc_var: 6.122530322212612e-07
