score: 0.7582400403136195
Duration: 29.70024609565735
timestamps: [5.517206907272339, 7.179563999176025, 12.808863401412964, 19.148047924041748, 26.809043407440186, 28.177382946014404, 29.70024609565735]
nauc_scores: [0.5372010124468549, 0.6831081892131399, 0.6875914632387561, 0.7077806821474675, 0.7273019348560306, 0.7608069676916054, 0.792029488227429]
accuracy: [0.48484071400559065, 0.5796912843489906, 0.586506533370874, 0.5937998149930727, 0.6139157493673603, 0.6636386159318981, 0.7037964430602145]
alc_std: 0.01928639696987985
alc_var: 0.0003719651080797907
nauc_mean: 0.7963224883277868
alc_mean: 0.7505854681397565
nauc_std: 0.01840994032269664
nauc_var: 0.00033892590268525165
