score: 0.5964400300599668
Duration: 849.5099306106567
timestamps: [22.40779137611389, 39.48322081565857, 56.361308574676514, 73.39995384216309, 91.27100777626038, 110.93161201477051, 132.6754767894745, 158.99845552444458, 195.18618893623352, 251.13887405395508, 346.9049959182739, 521.8260452747345, 849.5099306106567]
nauc_scores: [0.04947348503422089, 0.07330738350039656, 0.1209625513660948, 0.23052680654360835, 0.39919099791860435, 0.50138689281415, 0.6396605491611673, 0.8350915131858561, 0.8681590772632262, 0.8737549732587617, 0.90122708110115, 0.9088029192160991, 0.9089523262878261]
accuracy: [0.5745813644098725, 0.5747187110765382, 0.5745753879699206, 0.5731845785193725, 0.5733788419793829, 0.5750995972373838, 0.5936578882499879, 0.8146400787181285, 0.8399975390068378, 0.8330872577107614, 0.8613413730878081, 0.8642349885967057, 0.8581861346999282]
alc_mean: 0.5962769694523095
nauc_std: 0.004950452524936717
alc_var: 9.088377899220539e-06
alc_std: 0.0030146936659004907
nauc_var: 2.4506980201652313e-05
nauc_mean: 0.908886101483259
