score: 0.0
Duration: 996.3369646072388
timestamps: [22.218379497528076, 42.4360613822937, 61.388662338256836, 80.64362978935242, 101.12376856803894, 122.78070187568665, 146.63227128982544, 176.4417119026184, 218.55111265182495, 284.36796259880066, 396.43350768089294, 602.8658549785614, 996.3369646072388]
nauc_scores: [0.0, 0.0, 0.0, 0.0, 0.0, 0.0, 0.0, 0.0, 0.0, 0.0, 0.0, 0.0, 0.0]
accuracy: [0.5002691865084649, 0.5001174794535675, 0.49983600586588406, 0.5005782377016392, 0.5001025827223031, 0.4996615947207034, 0.499851760965204, 0.49943583282228987, 0.49999905692574276, 0.499979104786028, 0.5001345572590316, 0.49996181989068067, 0.49998758885481887]
alc_var: 0.0
alc_std: 0.0
nauc_std: 0.0
nauc_var: 0.0
nauc_mean: 0.0
alc_mean: 0.0
