score: 0.9415665663849633
Duration: 4.112583875656128
timestamps: [2.1493477821350098, 4.112583875656128]
nauc_scores: [0.952578714882532, 0.952578714882532]
accuracy: [0.7447123946358193, 0.7447123946358193]
nauc_mean: 0.9518370053113167
alc_mean: 0.9404692792630811
alc_std: 0.001561971864338739
nauc_std: 0.00105284780514239
nauc_var: 1.1084885007931482e-06
alc_var: 2.439756104985836e-06
