score: 0.7179295023584747
Duration: 1014.5791161060333
timestamps: [16.21225333213806, 18.13546395301819, 22.329293727874756, 28.802164554595947, 37.037949562072754, 47.436755418777466, 71.38586735725403, 85.1464855670929, 100.8333580493927, 119.59893679618835, 140.04212927818298, 162.04685759544373, 339.9473490715027, 367.64124369621277, 496.2702326774597, 527.8098974227905, 587.5495946407318, 622.6553971767426, 708.8597815036774, 858.0808300971985, 1014.5791161060333]
nauc_scores: [0.4702082374167278, 0.32421702777588934, 0.6768588138780223, 0.7455370160396981, 0.8132299007146977, 0.7843779149838643, 0.8115026845286901, 0.8110196134546646, 0.8086994859701644, 0.7582505458919813, 0.7842818383506858, 0.7848033187637888, 0.7908822365348127, 0.8294442492091085, 0.7969714718113137, 0.777380952761098, 0.7881154849337904, 0.8318196386241694, 0.8167727851844702, 0.7673921133033337, 0.7785755957626903]
alc_var: 0.00015622820705453325
nauc_var: 0.0011141690757369102
nauc_std: 0.03337917128595182
alc_mean: 0.7209577730041616
alc_std: 0.012499128251783531
nauc_mean: 0.7680085602859973
