score: 0.5824961315802281
Duration: 217.2272925376892
timestamps: [35.96805143356323, 41.66751480102539, 45.495718479156494, 59.30602145195007, 112.83456802368164, 164.05782866477966, 217.2272925376892]
nauc_scores: [0.41478135850912135, 0.4859242526358982, 0.6388541638241736, 0.6990436803804561, 0.7034310174716616, 0.6867826859889061, 0.7034310174716616]
accuracy: [0.26450300691336226, 0.2848516275239153, 0.37305967691100805, 0.4294498271697397, 0.4704686866316281, 0.49288035208274633, 0.4704686866316281]
alc_mean: 0.580368218382848
alc_var: 3.0837957353204786e-06
nauc_mean: 0.7042157935172307
alc_std: 0.0017560739549690038
nauc_std: 0.002346784213398001
nauc_var: 5.507396144254073e-06
