score: 0.8785875953964811
Duration: 269.43467116355896
timestamps: [9.105920791625977, 19.241775512695312, 31.750331163406372, 47.922382831573486, 63.32739496231079, 79.06071400642395, 94.75126457214355, 110.27283978462219, 126.02663254737854, 142.34351205825806, 158.41364812850952, 173.85506510734558, 189.62959814071655, 205.43250465393066, 221.0514497756958, 236.84517407417297, 253.21509051322937, 269.43467116355896]
nauc_scores: [0.8214706830931018, 0.90569344262593, 0.9101824445824132, 0.9428335427561294, 0.9383978680415326, 0.9362992502057572, 0.9329596671071403, 0.9323081894540273, 0.9308282752686075, 0.929053593220877, 0.9289113890085967, 0.9264080424787231, 0.9264599753564586, 0.9267343232892742, 0.9248576965760122, 0.9249255342524616, 0.9256178484813418, 0.9256178484813418]
accuracy: [0.5793614402224398, 0.5011386850238189, 0.46137417476743275, 0.6711621798948746, 0.6957533756217642, 0.7153349651881526, 0.722208250556426, 0.732282672951448, 0.732112077177684, 0.7381978242885314, 0.7355977237685772, 0.7368190962192125, 0.7400015972612649, 0.740062315201793, 0.7374257803924696, 0.7419400829227076, 0.7454652723560339, 0.7454652723560339]
alc_std: 0.001930525845026806
alc_mean: 0.8799172637185197
nauc_std: 0.0032707939760155576
nauc_var: 1.0698093233539661e-05
nauc_mean: 0.9228628605524924
alc_var: 3.726930038316463e-06
