score: 0.27758519479086863
Duration: 75.10645914077759
timestamps: [8.235628604888916, 14.467845439910889, 20.944594621658325, 27.744863986968994, 35.36433243751526, 44.45768618583679, 56.460861682891846, 74.09429550170898, 75.10645914077759]
nauc_scores: [0.007982262401229123, 0.01533425092673868, 0.02803804202029081, 0.030934863062140217, 0.06227212589015707, 0.3320015272900205, 0.14016296428397235, 0.3467152213808409, 0.3467152213808409]
accuracy: [0.4962962996260594, 0.4999969201293214, 0.5003378735620331, 0.4962963208095143, 0.5094697517520683, 0.5463502489604708, 0.49943759953284383, 0.5911894197219781, 0.5911894197219781]
nauc_std: 0.010306149490469098
alc_var: 0.00032898982388771306
nauc_mean: 0.3531397477527196
alc_mean: 0.2863700808083515
nauc_var: 0.00010621671731989646
alc_std: 0.01813807663143237
