score: 0.606225053407017
Duration: 123.23848080635071
timestamps: [80.2547218799591, 81.569580078125, 87.41887903213501, 121.65803050994873, 123.23848080635071]
nauc_scores: [0.6689318006819285, 0.7947323547397007, 0.8588341952110492, 0.864306197604825, 0.8404196073536654]
accuracy: [0.22404898215669838, 0.39338190502661585, 0.5889153483378017, 0.607793655306851, 0.601908706529202]
nauc_std: 0.009724117495740996
alc_mean: 0.6087277736568975
nauc_mean: 0.8377230970826289
nauc_var: 9.455846107097616e-05
alc_var: 1.9305999514020506e-05
alc_std: 0.004393859296110938
