score: 0.17128879663945315
Duration: 1088.6315574645996
timestamps: [218.92357444763184, 272.7402217388153, 337.028591632843, 510.43308663368225, 1088.6315574645996]
nauc_scores: [0.0005631638124388161, 0.26002845602938485, 0.3975572750458236, 0.4224039183759598, 0.3861760481061618]
accuracy: [0.03228428850941927, 0.04722415212522408, 0.06858213582402738, 0.07382281681178332, 0.06972941125442997]
nauc_std: 0.0011115032451998765
nauc_var: 1.2354394640898565e-06
nauc_mean: 0.38588983310948677
alc_mean: 0.17131179957627388
alc_std: 0.0002569152262803536
alc_var: 6.600543349468529e-08
