score: 0.8333155437949886
Duration: 51.578704833984375
timestamps: [29.81519055366516, 37.564119815826416, 39.691662311553955, 41.60928726196289, 43.616878271102905, 45.59118437767029, 47.56788682937622, 49.52333903312683, 51.578704833984375]
nauc_scores: [0.9368901512248673, 0.9368901512248673, 0.9407875478059953, 0.9523678130463227, 0.956109661503727, 0.9550750541289732, 0.9597179638922442, 0.9619141467168271, 0.9619141467168271]
accuracy: [0.7524414722319934, 0.7524414722319934, 0.7881809369150438, 0.8172977793595894, 0.8402948953582915, 0.8312968513562461, 0.8448981164736792, 0.8506712971880191, 0.8506712971880191]
nauc_mean: 0.9621604885671726
alc_mean: 0.8337107281513724
alc_var: 9.089811956409629e-07
nauc_std: 0.0009680118767313301
nauc_var: 9.370469934929119e-07
alc_std: 0.0009534050532910778
