score: 0.9157664449113131
Duration: 48.49196648597717
timestamps: [17.00127601623535, 24.302661895751953, 32.76145005226135, 43.458598613739014, 48.49196648597717]
nauc_scores: [0.9834306011674734, 0.9872136290015947, 0.9973842778471991, 0.9984140519438309, 0.9984140519438309]
accuracy: [0.8681632268549387, 0.8547944014147172, 0.9515279242431061, 0.9624271477988954, 0.9624271477988954]
nauc_mean: 0.9984173996396748
nauc_std: 8.586367005407343e-05
alc_std: 7.935891126305362e-05
nauc_var: 7.372569835154785e-09
alc_var: 6.297836796857219e-09
alc_mean: 0.9158577758017629
