score: 0.23740819695321352
Duration: 679.918785572052
timestamps: [194.6401641368866, 223.60260272026062, 252.26828956604004, 283.01459288597107, 312.0046389102936, 345.25859236717224, 379.02546072006226, 418.70241713523865, 469.21425318717957, 543.3420939445496, 656.3545463085175, 679.918785572052]
nauc_scores: [0.0070209820256499356, 0.04587217865358184, 0.09926448237000596, 0.3244680360657535, 0.380489264418973, 0.505739987356089, 0.5427176762526471, 0.5657076841483155, 0.5855386501755346, 0.5842933105621437, 0.5810949919657125, 0.5810949919657125]
accuracy: [0.6284394480242772, 0.6274230625299659, 0.6207494273059141, 0.5726230089422272, 0.6288152661443129, 0.6159245036199523, 0.5223509170215007, 0.6837050440304135, 0.6804706209098572, 0.6789764959715253, 0.46331125510082105, 0.46331125510082105]
nauc_mean: 0.5803957739546218
alc_var: 3.439107477358709e-07
alc_mean: 0.23747040593425167
nauc_var: 5.085913032326418e-06
alc_std: 0.0005864390400850466
nauc_std: 0.0022551968943589867
