score: 0.7891375430243955
Duration: 837.2271542549133
timestamps: [16.85163426399231, 17.394330978393555, 19.69565176963806, 24.25781512260437, 32.11365509033203, 42.69389581680298, 71.1913149356842, 87.29241871833801, 600.0121653079987, 642.0677163600922, 676.7179605960846, 705.4723482131958, 740.2362492084503, 837.2271542549133]
nauc_scores: [0.13091719766721543, 0.35062403105891415, 0.6773869443834242, 0.6968786284474906, 0.7156326863766826, 0.8457046125909538, 0.8604307203711854, 0.8905905033380228, 0.8618851591194769, 0.8606315640257798, 0.8761937744646338, 0.8896827789611668, 0.8930681707534054, 0.887378424921679]
alc_std: 0.008614459520365061
nauc_mean: 0.883751694123178
alc_var: 7.420891282800825e-05
nauc_std: 0.007558567412630457
nauc_var: 5.7131941331279085e-05
alc_mean: 0.7880162234370905
