score: 0.7605471160819683
Duration: 323.36741948127747
timestamps: [21.013437747955322, 33.80011987686157, 63.147820472717285, 118.37457871437073, 145.45097851753235, 149.4907922744751, 176.29869508743286, 181.4197587966919, 214.26268196105957, 219.48125529289246, 253.921804189682, 258.8151853084564, 292.6849539279938, 323.36741948127747]
nauc_scores: [0.8690335065993204, 0.8976502150123264, 0.9088476746964067, 0.6918713803367844, 0.7681458850802612, 0.7681458850802612, 0.8107810337237102, 0.8107810337237102, 0.8229776429877191, 0.825643262237, 0.8330193012902887, 0.8362012237021086, 0.8421158654024432, 0.8421158654024432]
nauc_mean: 0.8425203584943386
nauc_var: 2.009306507058231e-06
nauc_std: 0.0014175000906730944
alc_var: 5.861806591382114e-07
alc_std: 0.0007656243590287677
alc_mean: 0.7608900359265883
