score: 0.0030001615542959836
Duration: 958.6169309616089
timestamps: [20.98956871032715, 37.599541664123535, 55.107497215270996, 72.92104935646057, 91.3570921421051, 111.68668246269226, 136.22634625434875, 165.63663959503174, 206.8890233039856, 269.88573145866394, 378.01379561424255, 578.2466213703156, 958.6169309616089]
nauc_scores: [-0.015346383251939266, -0.01488513171127226, -0.013009484977922092, -0.01513862761269813, -0.015451258739103912, -0.015068504153452955, -0.01442805945092862, -0.013558928408176518, -0.005635293793912033, 0.009936791604614248, 0.01757651957043005, 0.027237115109296273, 0.02619341647928164]
accuracy: [0.062258092307809654, 0.06795944651173927, 0.08551450432249412, 0.12210173583025484, 0.12357268420168137, 0.10498768112013439, 0.10378116756281514, 0.11001430406562769, 0.10305088580936707, 0.09584443037716704, 0.11446937873959075, 0.10064681357732183, 0.1059268546872987]
alc_var: 6.076590471774871e-06
nauc_std: 0.006180143123960163
nauc_mean: 0.02683995115565787
alc_std: 0.002465074131091167
nauc_var: 3.819416903263209e-05
alc_mean: 0.001993258766681141
