score: 0.06265419418044828
Duration: 230.8462631702423
timestamps: [53.47180986404419, 64.89828968048096, 76.42310619354248, 87.95049667358398, 100.1309506893158, 112.7881531715393, 127.8050594329834, 147.0913245677948, 175.21266412734985, 221.34570169448853, 230.8462631702423]
nauc_scores: [0.007000163005784321, 0.019654795548313286, 0.03050628778477016, 0.030832166373558678, 0.025035022922066386, 0.013000393290641288, -0.0057782677922655346, 0.012761888685149048, 0.055658683093186445, 0.11420141015521401, 0.1129705384164379]
accuracy: [0.033290538717281985, 0.041960236619075914, 0.048426447186017484, 0.051183650715973514, 0.0631932012369971, 0.0669746748883047, 0.0710104672543325, 0.06887214900313512, 0.0717297911454681, 0.0797622778885283, 0.0796406989230162]
alc_mean: 0.061173070177848454
alc_std: 0.0058743857962819555
alc_var: 3.450840848355918e-05
nauc_std: 0.015644671017592433
nauc_var: 0.0002447557312486966
nauc_mean: 0.11134517033799803
