score: 0.8190707069138538
Duration: 325.15245962142944
timestamps: [13.981066226959229, 20.046674966812134, 33.53613495826721, 48.46748733520508, 65.0375919342041, 84.64513516426086, 105.97298455238342, 129.20909690856934, 154.06221222877502, 182.2430658340454, 211.680349111557, 243.10954236984253, 276.03518629074097, 303.2343518733978, 321.8435938358307, 325.15245962142944]
nauc_scores: [0.5396433077335294, 0.7493757755383568, 0.7223543121519818, 0.813734249425321, 0.8414805182783462, 0.8786449012898963, 0.8797288198376005, 0.8740889537094658, 0.9149076020265241, 0.9246003515544592, 0.9285798337415478, 0.9417427569171459, 0.9285798337415478, 0.9285798315472102, 0.9285797647842204, 0.9285797647842204]
accuracy: [0.5087872922677564, 0.5888977723544063, 0.6394006498095205, 0.6309147204416946, 0.6770794944421157, 0.7096466520997423, 0.7073622837828835, 0.7082194577884688, 0.7572190316390203, 0.7700665006608617, 0.7891866044300286, 0.8085288037411992, 0.7891866044300286, 0.7891866084650779, 0.7891866074640039, 0.7891866074640039]
alc_mean: 0.8176714948107688
nauc_var: 6.993532736168203e-06
nauc_mean: 0.9257829778158808
alc_std: 0.0018541382744680479
alc_var: 3.43782874084735e-06
nauc_std: 0.0026445288306555107
