score: 0.8366038089024407
Duration: 1011.9963281154633
timestamps: [11.564510822296143, 14.16513204574585, 18.19242215156555, 21.091988563537598, 24.055975675582886, 27.067219972610474, 34.13240694999695, 40.90444612503052, 50.545016288757324, 62.64444851875305, 76.52831649780273, 91.98082828521729, 121.35648584365845, 333.5703008174896, 358.21318531036377, 400.0411322116852, 497.87023758888245, 973.4074070453644, 1011.9963281154633]
nauc_scores: [0.23214249197812342, 0.4750151011575878, 0.604943361144354, 0.6724746564622515, 0.7495169834532647, 0.7850922936127382, 0.8240112858554054, 0.8584590741227853, 0.8718638142061856, 0.8829723078142082, 0.8984639631577864, 0.9080932551200367, 0.9169405473492687, 0.9280129122345897, 0.9320282911787163, 0.9360809446825031, 0.939212915339799, 0.9417132350182928, 0.9440345312260652]
accuracy: [0.03557697956419914, 0.06151651849252796, 0.08410367376880719, 0.07827697979460577, 0.08219714850982042, 0.09939298481480482, 0.1134446305840931, 0.12185052998209642, 0.13513411672959647, 0.15868439245486388, 0.15226164845161852, 0.1747895294790761, 0.19844790263697917, 0.23850773653238624, 0.27596689076506836, 0.3118084087299905, 0.3435615801108882, 0.378365653043135, 0.3969616275007436]
nauc_mean: 0.9435598885687364
alc_std: 0.0026091721913444597
alc_var: 6.807779524085249e-06
nauc_std: 0.0032272173056366693
alc_mean: 0.837024813675941
nauc_var: 1.0414931537800804e-05
