score: 0.831204026958793
Duration: 193.53791999816895
timestamps: [8.352885246276855, 9.751874923706055, 13.605563163757324, 18.971012115478516, 26.67626976966858, 36.261645793914795, 52.56320762634277, 66.25802111625671, 81.5936188697815, 184.84829568862915, 193.53791999816895]
nauc_scores: [0.5535924600157902, 0.7431639478902377, 0.8212146961025859, 0.8330395444125587, 0.865968392388156, 0.8527786429973481, 0.848176759216458, 0.8467773022006424, 0.8688811442785955, 0.8334114586018264, 0.8859405487520793]
accuracy: [0.6434088210557473, 0.5949582254324939, 0.6360721478320094, 0.6556910416938792, 0.698449653950071, 0.6925028097749635, 0.6899263054757121, 0.7254955253947635, 0.7500315106976725, 0.7178453335869277, 0.7620371999837467]
nauc_var: 7.44718682454341e-05
alc_mean: 0.8383368026100888
alc_std: 0.006401198823038136
alc_var: 4.0975346372064826e-05
nauc_mean: 0.8825329988989961
nauc_std: 0.008629708468160097
