score: 0.7544221340476691
Duration: 15.82020378112793
timestamps: [0.5589578151702881, 0.7205986976623535, 0.9390597343444824, 1.245687484741211, 1.7433111667633057, 2.610504388809204, 4.067517995834351, 6.5547826290130615, 11.121836185455322, 15.82020378112793]
nauc_scores: [0.6607544985043337, 0.6937655864694319, 0.7076552811362964, 0.7164420975226846, 0.7353596473375517, 0.7523407185045905, 0.7567331045253425, 0.7616324538641741, 0.7523586491870982, 0.7572274749550629]
