score: 0.6846438157523717
Duration: 22.93058466911316
timestamps: [4.310888290405273, 5.680136203765869, 11.921132326126099, 18.586894035339355, 21.40068221092224, 22.93058466911316]
nauc_scores: [0.5612506467714016, 0.6012350088817355, 0.6945140111985748, 0.6880900124961116, 0.6992545876394107, 0.7053748755824825]
accuracy: [0.4980356651707118, 0.5569693554174844, 0.6210397524391358, 0.6439741359786614, 0.5929269723516275, 0.6225549743193975]
alc_var: 9.987382174178265e-05
nauc_mean: 0.7111772355653077
nauc_var: 0.00022604727828043743
alc_std: 0.009993689095713488
nauc_std: 0.015034868748360838
alc_mean: 0.6745549512119109
