score: 0.29455989326827914
Duration: 926.443656206131
timestamps: [22.583311796188354, 39.68624401092529, 56.81424021720886, 74.50184416770935, 94.07647037506104, 116.75464749336243, 145.48502016067505, 186.53076601028442, 251.14505434036255, 360.0214331150055, 555.9743220806122, 926.443656206131]
nauc_scores: [-0.03578276298110383, -0.016011815087319192, 0.023661984574689043, 0.08153723759230869, 0.15613458566745209, 0.23382585113660848, 0.29979808025034393, 0.3892919973552116, 0.44533964104664414, 0.501227837653548, 0.5141094003402482, 0.4990439296342315]
nauc_mean: 0.5402587691442775
nauc_std: 0.099677916149922
alc_mean: 0.3325945691269542
alc_var: 0.004727503499408601
alc_std: 0.06875684329147609
nauc_var: 0.009935686967990881
