score: -1.8036807645735275e-05
Duration: 993.3094301223755
timestamps: [215.05576586723328, 260.7937171459198, 307.9820911884308, 353.16248631477356, 393.55378246307373, 430.92303943634033, 475.5046865940094, 523.6588833332062, 571.5398435592651, 615.7178528308868, 670.4206528663635, 717.6656136512756, 773.3871266841888, 842.3568959236145, 949.0716993808746, 993.3094301223755]
nauc_scores: [0.0023193485568304695, 0.002138847540751554, 0.0027295522883350465, 0.0006078137691880592, 0.0011763205266648313, 0.0010789536296791358, -8.491251189068905e-06, -0.0016116832349738486, -0.005295592846933483, -0.008243076264789706, -0.005443894553521678, -0.007931693284997987, 0.006765922743386055, 0.0011551398149556302, 0.0003737186630139444, 0.0003883677263174512]
accuracy: [0.03411178456149288, 0.03586800963099906, 0.04015016820275218, 0.04697180153086767, 0.03916627220174476, 0.03201066840601552, 0.043870876482408956, 0.03963766994467276, 0.04824094129465468, 0.059477738512430225, 0.0598610039602029, 0.05398263514658315, 0.044441568516486056, 0.05158994129085419, 0.051364767782587036, 0.051364443843823965]
nauc_var: 4.013882263922277e-09
alc_std: 0.00014826846274772703
alc_mean: -4.264850241390712e-05
nauc_mean: 0.00038606316630016566
alc_var: 2.198353704557412e-08
nauc_std: 6.335520707820531e-05
