score: -0.00013988728472690687
Duration: 25.71761703491211
timestamps: [7.890012741088867, 9.465598821640015, 10.92241644859314, 12.576293468475342, 14.0598304271698, 15.809429168701172, 17.52004623413086, 19.577194452285767, 21.93608069419861, 25.272030115127563, 25.71761703491211]
nauc_scores: [0.00460243834635321, 0.011916476893169659, 0.011509935871630406, 0.011835729899317693, 0.017742648799705663, 0.0010873470865042645, 0.00017405183864771523, -0.003220726049495748, -0.002448322742732434, -0.0005699698356211869, -0.0005699698356211869]
accuracy: [0.12744378619694527, 0.1768695641191935, 0.1756037727185382, 0.11126991692497055, 0.20586933017577203, 0.2016071181135735, 0.2429683809732533, 0.2478171507707448, 0.2495755889477698, 0.2498993436913666, 0.2498993436913666]
alc_std: 0.00033203528925436357
nauc_mean: -0.0006847580641708873
alc_var: 1.1024743331022888e-07
alc_mean: 0.00012757136597417348
nauc_std: 0.0004415608715274387
nauc_var: 1.9497600326407125e-07
