score: 0.8358555378174402
Duration: 876.2399172782898
timestamps: [16.50454068183899, 24.452173471450806, 33.430399894714355, 42.71082854270935, 85.58891439437866, 111.68996381759644, 124.65836691856384, 137.2488842010498, 151.62356066703796, 265.6646547317505, 284.5648863315582, 330.527055978775, 347.5198392868042, 360.2091965675354, 372.9509963989258, 390.9707043170929, 407.2671444416046, 427.9614984989166, 448.2818613052368, 526.44411444664, 607.2499825954437, 690.9920392036438, 784.5053684711456, 876.2399172782898]
nauc_scores: [0.4762358912021425, 0.7669250055555441, 0.83466869434938, 0.8716708680380003, 0.9155908880361618, 0.9200231226097266, 0.9266859594315779, 0.9286913585782777, 0.9295343272826206, 0.9357055371170695, 0.9394882614044209, 0.9371961179458355, 0.9377425108146451, 0.9389159243946905, 0.9414600912350428, 0.9431098062920018, 0.9487349871757091, 0.9504566970811366, 0.9545769994411637, 0.9574401806968593, 0.9615773131081551, 0.9644488471470749, 0.9648691687696589, 0.9648691687696589]
accuracy: [0.06711876043855483, 0.10094881668107454, 0.12261680429804497, 0.11632500251702291, 0.18356306872615832, 0.19920951631482764, 0.2389436122063449, 0.24674276130274997, 0.24892222645734097, 0.2683041498154579, 0.3069205532100944, 0.2958975939734167, 0.28625461828940496, 0.2910656733380765, 0.3014139315957939, 0.3152023532734887, 0.33783154368634294, 0.35075846278999745, 0.37814729764537564, 0.4054767455019972, 0.4376629162000311, 0.46286309709375956, 0.4851165159326869, 0.4851165159326869]
nauc_std: 0.0014254274521715076
alc_var: 2.5373456092105775e-06
nauc_var: 2.0318434214041555e-06
alc_mean: 0.8344865257808796
alc_std: 0.0015929047709171372
nauc_mean: 0.9642767146011281
