score: 0.6349423453251793
Duration: 168.5126690864563
timestamps: [69.22074389457703, 90.61449027061462, 110.17831015586853, 129.4411699771881, 149.05183815956116, 168.5126690864563]
nauc_scores: [0.23412766220973635, 0.8323883122966487, 0.8853561145038655, 0.8927979223787561, 0.8977927150017855, 0.8977927150017855]
accuracy: [0.11188959836629779, 0.37380256154211516, 0.4854834151495, 0.5334511560830781, 0.5419981587742257, 0.5419981587742257]
nauc_var: 7.233423938080793e-07
alc_var: 1.0467237895382309e-06
alc_mean: 0.6345465952732819
nauc_mean: 0.8972590515732648
nauc_std: 0.0008504953814149019
alc_std: 0.0010230952006232024
