score: 0.8753535710663615
Duration: 73.34623575210571
timestamps: [20.755564212799072, 33.32584047317505, 38.8413188457489, 44.30348753929138, 49.89804005622864, 55.858189821243286, 61.58326315879822, 67.48087954521179, 73.34623575210571]
nauc_scores: [0.967095021653994, 0.967095021653994, 0.967095021653994, 0.967095021653994, 0.967095021653994, 0.9691719651809987, 0.9715824855235511, 0.9704496755522167, 0.9704496755522167]
accuracy: [0.6962721581665001, 0.6962721581665001, 0.6962721581665001, 0.6962721581665001, 0.6962721581665001, 0.7615587713021632, 0.7855469579866523, 0.7949124878125542, 0.7949124878125542]
nauc_var: 4.994429661997141e-07
nauc_mean: 0.9700577596257274
alc_std: 0.0008077736373995314
alc_mean: 0.8758913189019601
alc_var: 6.524982492776697e-07
nauc_std: 0.0007067127890449656
