score: 0.7057461590529589
Duration: 40.53773093223572
timestamps: [6.7999067306518555, 9.197406768798828, 16.81404685974121, 25.168616771697998, 32.609814405441284, 37.88814377784729, 40.53773093223572]
nauc_scores: [0.65593916976296, 0.5326879985853124, 0.5705498605281294, 0.7295505554468358, 0.7049631911634384, 0.7284448259619143, 0.7480650468981378]
accuracy: [0.5155494481032139, 0.5957926565830461, 0.5625422471191542, 0.637765982938504, 0.6248657020520442, 0.6531626711741264, 0.6835167200157245]
nauc_mean: 0.7522589333258869
alc_std: 0.00671912305853299
alc_mean: 0.707351826077425
alc_var: 4.5146614675709716e-05
nauc_std: 0.015048238531558534
nauc_var: 0.00022644948290268294
