score: -0.012823442608956853
Duration: 806.1621723175049
timestamps: [52.87263512611389, 83.15423512458801, 117.59362554550171, 160.5758409500122, 222.27986001968384, 320.00734758377075, 491.01428508758545, 806.1621723175049]
nauc_scores: [-0.0393571004506128, -0.03666843155418231, -0.037131850181924886, -0.02381887918400083, -0.01754989677292529, 0.014980957233273307, -0.008097877352422733, -0.012128828436553052]
accuracy: [0.12012668933782251, 0.11967497606365611, 0.11904173726708732, 0.12590824228087372, 0.12228988609579916, 0.1241409460999309, 0.1255972171656269, 0.12674734887581335]
nauc_mean: -0.014762016193064786
alc_mean: -0.003949273827005784
alc_var: 0.0001496041881496868
alc_std: 0.012231279088864205
nauc_std: 0.06412018615396219
nauc_var: 0.004111398272418763
