score: 0.9779969118916634
Duration: 1160.4665324687958
timestamps: [2.8488924503326416, 4.765905857086182, 6.8890700340271, 9.365532398223877, 12.742572784423828, 17.44555926322937, 25.145132064819336, 39.630513191223145, 65.76588273048401, 86.78636980056763, 1160.4665324687958]
nauc_scores: [0.8892507614171135, 0.9250601922351229, 0.9468260414724363, 0.9627068481050258, 0.9756064222451599, 0.9855752790914465, 0.992678110786517, 0.996284161326513, 0.9975622828322166, 0.9972643700978481, 0.9978939200415105]
accuracy: [0.13382223987121666, 0.16617827111943845, 0.2293931659523536, 0.34398125774402627, 0.5184826190465033, 0.709484607602704, 0.8373863176780354, 0.9011422584373087, 0.9309802206915784, 0.9226711560643677, 0.944117984308028]
nauc_std: 0.00012588706983459585
alc_std: 0.0002422458641821714
nauc_mean: 0.9978718089938126
alc_mean: 0.9779807805874727
nauc_var: 1.5847554351540416e-08
alc_var: 5.868305871336703e-08
