score: 0.8769480063859418
Duration: 66.4109160900116
timestamps: [20.515977144241333, 33.046215295791626, 38.412660360336304, 43.716461181640625, 49.52846622467041, 55.0914580821991, 60.73689889907837, 66.4109160900116]
nauc_scores: [0.9673973035360066, 0.9673973035360066, 0.9673973035360066, 0.9673973035360066, 0.9703944915757372, 0.9712945187656512, 0.9711547802263667, 0.9711547802263667]
accuracy: [0.699912237928152, 0.699912237928152, 0.699912237928152, 0.699912237928152, 0.749997160931903, 0.7729468024646192, 0.7869787215045276, 0.7869787215045276]
nauc_std: 0.0018077357965074082
alc_std: 0.000768570607761512
alc_mean: 0.8772729506567302
nauc_mean: 0.970921614069711
nauc_var: 3.267908709974273e-06
alc_var: 5.907007791149e-07
