score: -5.086662893512536e-05
Duration: 19.711421012878418
timestamps: [6.650655031204224, 8.692903280258179, 10.699593782424927, 12.977192401885986, 15.20293664932251, 18.420369386672974, 19.711421012878418]
nauc_scores: [0.0008101355308922642, -0.0006819925949285155, -0.00117626940501514, 0.004916908580117951, -0.0014960176337700526, -0.0007564335285140666, -7.066843149705626e-05]
accuracy: [0.050242773814725666, 0.05024275827586369, 0.049862789235255896, 0.049397806356599905, 0.05109015528396634, 0.0524796085223662, 0.05241573459534217]
nauc_var: 2.5370477976366207e-06
alc_var: 3.128205923600323e-06
alc_std: 0.001768673492649314
nauc_std: 0.0015928112875154485
alc_mean: 0.00024097917761807408
nauc_mean: 0.00022433067002990413
