score: 0.6090174307635188
Duration: 123.84421038627625
timestamps: [77.76487588882446, 79.06560611724854, 84.95267128944397, 122.31754422187805, 123.84421038627625]
nauc_scores: [0.635774861654737, 0.7837978580397518, 0.847015776157926, 0.8436287584218589, 0.8387477858370183]
accuracy: [0.18969852471245296, 0.3680820004099209, 0.5552631478538609, 0.5669937447203207, 0.596280138056872]
nauc_var: 7.703623808024236e-05
nauc_mean: 0.8498999997702608
alc_mean: 0.6111033067603107
nauc_std: 0.008777029000763433
alc_var: 8.273153562043455e-05
alc_std: 0.00909568774862212
