score: 0.8946142758700432
Duration: 11.573831558227539
timestamps: [4.120271682739258, 5.536595106124878, 9.074354648590088, 11.573831558227539]
nauc_scores: [0.8466551659915498, 0.8485138633407296, 0.912839222573645, 0.9163149157744428]
alc_std: 0.006463496381397178
alc_var: 4.177678547233441e-05
nauc_var: 0.000620196923276542
alc_mean: 0.9079752794002008
nauc_std: 0.024903753196587497
nauc_mean: 0.9006181809496943
