score: 0.7123596070372842
Duration: 206.27125668525696
timestamps: [6.553492546081543, 7.312970399856567, 9.1232430934906, 10.021733283996582, 15.133360862731934, 16.986260414123535, 21.11516833305359, 26.266660928726196, 33.89224815368652, 43.463468074798584, 117.19963073730469, 131.23063468933105, 147.622713804245, 206.27125668525696]
nauc_scores: [0.539308990541185, 0.5389692378832296, 0.6271874975838612, 0.687675861970459, 0.5165362429101117, 0.6535502779636095, 0.7142361099187291, 0.6382874970267043, 0.6477408572482677, 0.750001230028496, 0.7078122658623538, 0.7468173081834859, 0.7595689783475803, 0.7567747280615744]
nauc_std: 0.04624075020034757
nauc_var: 0.0021382069790909434
nauc_mean: 0.7720476135088068
alc_mean: 0.7472616693974309
alc_var: 0.0005092735815835578
alc_std: 0.022567090676105277
