score: 0.8994553883296097
Duration: 157.91902208328247
timestamps: [10.214670896530151, 14.935715675354004, 17.319340467453003, 23.484333515167236, 24.07954692840576, 24.77780294418335, 26.206396102905273, 30.15251922607422, 30.823599100112915, 31.554381132125854, 33.038654088974, 34.52983641624451, 36.030701637268066, 37.42485570907593, 38.833150148391724, 42.74221706390381, 44.911272048950195, 47.46806812286377, 52.32231569290161, 57.73421573638916, 62.6142098903656, 67.5867292881012, 72.52737402915955, 78.336585521698, 80.03544163703918, 81.56878709793091, 84.51070666313171, 87.45332860946655, 93.00862288475037, 96.08456015586853, 98.9417450428009, 105.46715259552002, 111.99256634712219, 114.1680383682251, 114.79029631614685, 115.46828651428223, 116.90594220161438, 118.43478894233704, 119.95647311210632, 121.41019773483276, 122.83583283424377, 126.7981915473938, 128.99408078193665, 131.5908579826355, 136.55781149864197, 142.11011028289795, 147.6137592792511, 152.5847682952881, 157.59632658958435, 157.91902208328247]
nauc_scores: [-0.007206734786126767, 0.9443508780993866, 0.9441017830733167, 0.9441017830733167, 0.9336236896566075, 0.938697601662398, 0.9295523032443245, 0.9295523032443245, 0.9404327872611637, 0.9360891845592623, 0.9420570487577855, 0.9476165075386696, 0.9499028565866905, 0.9499028565866905, 0.9499028565866905, 0.9499028565866905, 0.9499028565866905, 0.9499028565866905, 0.9499028565866905, 0.9499028565866905, 0.9499028565866905, 0.9499028565866905, 0.9499028565866905, 0.9665062762405405, 0.9665062762405405, 0.9665062762405405, 0.9665062762405405, 0.9665062762405405, 0.9736660510852015, 0.959748256449912, 0.959748256449912, 0.959748256449912, 0.959748256449912, 0.9768107195182807, 0.9768107195182807, 0.9768107195182807, 0.9768107195182807, 0.9768107195182807, 0.9768107195182807, 0.9768107195182807, 0.9768107195182807, 0.9772959977513285, 0.9772959977513285, 0.9772959977513285, 0.9772959977513285, 0.9772959977513285, 0.9772959977513285, 0.9772959977513285, 0.9772959977513285, 0.9790822720565715]
accuracy: [0.04973054414729828, 0.23558300256361583, 0.23595507929146947, 0.23595507929146947, 0.6574118926234498, 0.6895638662279497, 0.6661707935606325, 0.6661707935606325, 0.666481080080034, 0.690799184688587, 0.678988988521752, 0.7226252276184305, 0.746776423697379, 0.746776423697379, 0.746776423697379, 0.746776423697379, 0.746776423697379, 0.746776423697379, 0.746776423697379, 0.746776423697379, 0.746776423697379, 0.746776423697379, 0.746776423697379, 0.7556764049916755, 0.7556764049916755, 0.7556764049916755, 0.7556764049916755, 0.7556764049916755, 0.7369580765839346, 0.7375609578695741, 0.7375609578695741, 0.7375609578695741, 0.7375609578695741, 0.7371087926277055, 0.7371087926277055, 0.7371087926277055, 0.7371087926277055, 0.7371087926277055, 0.7371087926277055, 0.7371087926277055, 0.7371087926277055, 0.7356589986033489, 0.7356589986033489, 0.7356589986033489, 0.7356589986033489, 0.7356589986033489, 0.7356589986033489, 0.7356589986033489, 0.7356589986033489, 0.7341150763071939]
alc_mean: 0.8993926155518931
alc_var: 3.949363504502106e-07
alc_std: 0.0006284396155958109
nauc_mean: 0.9787140590085374
nauc_std: 0.00118548284090117
nauc_var: 1.4053695660711085e-06
