score: 0.8203760797302283
Duration: 174.36656141281128
timestamps: [7.180457830429077, 11.884093999862671, 19.041362524032593, 28.854916095733643, 40.155619859695435, 54.386865854263306, 69.73992276191711, 87.80379223823547, 106.14517855644226, 128.19365406036377, 152.1092619895935, 168.97892475128174, 174.36656141281128]
nauc_scores: [0.1872401631669225, 0.5041279163565309, 0.507704719405176, 0.7966704368904902, 0.8585304789881323, 0.8903796416514778, 0.9006915696691369, 0.9041237348136377, 0.9045314764689651, 0.904611588480204, 0.9047893393322004, 0.9047427045706615, 0.9047350549183448]
accuracy: [0.013357844474723431, 0.022173890604613295, 0.017257335614296144, 0.05098768846472782, 0.08179210148194686, 0.11279140159267487, 0.12427355166042764, 0.13138387027998716, 0.12926471911957882, 0.13080752916588317, 0.13149711903974654, 0.130941268592501, 0.13052558141648327]
nauc_var: 1.2667799492408901e-06
nauc_std: 0.0011255131937213754
nauc_mean: 0.9038557430842575
alc_std: 0.0015434923932491015
alc_var: 2.382368768017839e-06
alc_mean: 0.8202293404989783
