score: 0.7103073588138802
Duration: 214.41685247421265
timestamps: [5.776947021484375, 7.652481317520142, 11.541638851165771, 17.249141454696655, 28.26771640777588, 37.62981200218201, 48.57359743118286, 61.99030017852783, 178.89452528953552, 208.36762619018555, 214.41685247421265]
nauc_scores: [0.34332943304580876, 0.5436820195879475, 0.40769664644942405, 0.49770955901278047, 0.785176349723882, 0.7953036906285336, 0.7923400802604335, 0.78982299464386, 0.7587640023261235, 0.7624471769219019, 0.7431927557688074]
alc_std: 0.04128632295807659
nauc_mean: 0.7523970024099619
alc_mean: 0.6960352341301121
nauc_var: 0.0019525671000503978
nauc_std: 0.04418786145595188
alc_var: 0.0017045604633986022
