score: 0.6287830533018882
Duration: 173.32375049591064
timestamps: [104.06467938423157, 116.83208584785461, 130.95007276535034, 145.19252038002014, 159.0303874015808, 173.32375049591064]
nauc_scores: [0.9058373905772166, 0.9102791416679652, 0.9413724856774977, 0.9371348547514671, 0.9417063469755078, 0.9417063469755078]
accuracy: [0.5418032996977631, 0.5237001574984682, 0.6633072012032544, 0.6616349609303371, 0.6982431699678039, 0.6982431699678039]
alc_mean: 0.6293636859362296
alc_std: 0.001709319793369379
nauc_var: 2.256834050063508e-06
alc_var: 2.9217741560043364e-06
nauc_mean: 0.9407946018651877
nauc_std: 0.0015022762895231716
