score: 0.6983609433200965
Duration: 534.524866104126
timestamps: [18.80084776878357, 25.431398391723633, 32.23499941825867, 39.33602237701416, 47.55872297286987, 57.360453367233276, 69.8187849521637, 89.68251132965088, 121.76581192016602, 186.30999493598938, 306.4943776130676, 533.2307720184326, 534.524866104126]
nauc_scores: [0.7770527594936709, 0.12416729113924041, 0.6508038481012657, 0.5612496202531645, 0.797181164556962, 0.7923471392405066, 0.8216826329113927, 0.818598075949367, 0.8137016708860758, 0.7986244050632911, 0.7877136202531645, 0.7853091645569621, 0.7853091645569621]
accuracy: [0.13892479361238744, 0.5566070370225585, 0.7406176936334947, 0.9591547000297094, 0.9782781421804957, 0.9704252269675969, 0.9767505257649003, 0.97883384547397, 0.9802788793666095, 0.9839942194525821, 0.9793329436304142, 0.9816173708702616, 0.9816173708702616]
alc_std: 0.022646906081314706
nauc_mean: 0.7943611746656167
nauc_std: 0.03492692928746409
alc_mean: 0.7029015491261601
nauc_var: 0.001219890389451517
alc_var: 0.0005128823550558891
