score: 0.6342715577154163
Duration: 249.95420122146606
timestamps: [86.65422439575195, 101.64565825462341, 117.60812449455261, 133.8376226425171, 149.97343397140503, 166.50142097473145, 182.9560420513153, 199.52853107452393, 216.04496693611145, 233.02570915222168, 249.95420122146606]
nauc_scores: [0.0001255951440568559, 0.8479966762752325, 0.9330764327386885, 0.9414513400796003, 0.9407789007268237, 0.9455651988164553, 0.9419033126411038, 0.9439605783538623, 0.9474412391329106, 0.9459502976192775, 0.9459502976192775]
accuracy: [0.06668416093014444, 0.3977347554774265, 0.6531232884805066, 0.6930692694943897, 0.7031663647422547, 0.7180775871170656, 0.725074393940981, 0.7336923337704296, 0.7395206831684105, 0.743113960870699, 0.743113960870699]
alc_mean: 0.6336519814431074
nauc_std: 0.0013912317453850273
alc_std: 0.000973976744233701
alc_var: 9.486306983080802e-07
nauc_mean: 0.9463106191384091
nauc_var: 1.9355257693670695e-06
