score: 0.549457207646512
Duration: 516.3071374893188
timestamps: [15.430926322937012, 22.399192571640015, 29.500136852264404, 37.212692975997925, 45.8931667804718, 56.783639669418335, 70.86334371566772, 91.28453469276428, 127.09489941596985, 191.57043290138245, 301.14368534088135, 515.106466293335, 516.3071374893188]
nauc_scores: [0.13556069940290416, 0.20663044640542494, 0.41443494291410476, 0.49556225419174105, 0.5601148631490263, 0.5945678758617248, 0.6008519922805136, 0.6201019923474196, 0.6373546836707569, 0.6451005242261167, 0.6348305785343342, 0.6482290815156961, 0.6482290815156961]
nauc_std: 0.0057117824913738
alc_var: 3.674093441051758e-05
alc_mean: 0.5459402344812002
nauc_mean: 0.6477977848774111
alc_std: 0.006061430063154864
nauc_var: 3.2624459228764294e-05
