score: 0.8174063883073273
Duration: 315.6619699001312
timestamps: [22.646127462387085, 31.945439100265503, 41.4936318397522, 51.80328726768494, 63.06912803649902, 74.13371753692627, 88.37499046325684, 111.64981412887573, 151.08500242233276, 208.61749029159546, 313.1244513988495, 315.6619699001312]
nauc_scores: [0.1956873449728067, 0.17991351271412714, 0.6292242355174689, 0.9231072909098041, 0.939230570914166, 0.9766908292652374, 0.9873090373200335, 0.9885660277877768, 0.9923682091278532, 0.9921751486778618, 0.9922439008091886, 0.9922439008091886]
accuracy: [0.10988515338206446, 0.11273586376440735, 0.2612504704094861, 0.5636877069681566, 0.6337253055276221, 0.8019671157172907, 0.854530137268378, 0.8753849919448212, 0.9093073929287853, 0.9193933183037802, 0.9222016231575922, 0.9222016231575922]
nauc_mean: 0.9922151284374063
alc_mean: 0.8173296730090339
nauc_std: 0.0002472909321693945
nauc_var: 6.115280513320808e-08
alc_std: 0.00018805374750102636
alc_var: 3.536421194917978e-08
