score: 0.8325827338827783
Duration: 344.28776931762695
timestamps: [21.87099528312683, 31.006579160690308, 40.48061466217041, 50.25634002685547, 61.091142416000366, 73.26139760017395, 89.38718342781067, 112.26718854904175, 149.44537806510925, 215.1712679862976, 341.4183895587921, 344.28776931762695]
nauc_scores: [0.25335877888941805, 0.43535088975203995, 0.7039772053686195, 0.9226562982691622, 0.9321869535799894, 0.9598706846255181, 0.9852834676866054, 0.9869016478703778, 0.9902855235103547, 0.9913311174595834, 0.9933488343230956, 0.9933488343230956]
accuracy: [0.10707397020746999, 0.15434537738329002, 0.2655862517302796, 0.560469567192186, 0.6218108381225326, 0.7115249429599323, 0.8435772184408503, 0.8599441424539993, 0.8882465380083696, 0.9087847753275649, 0.9298577656607065, 0.9298577656607065]
nauc_var: 1.0713502394157046e-07
nauc_std: 0.0003273148697226731
alc_std: 0.00017040094517459597
alc_mean: 0.832583681036542
alc_var: 2.903648211639566e-08
nauc_mean: 0.9932724969000708
