score: 0.8369321709508708
Duration: 622.2700848579407
timestamps: [16.046181201934814, 21.624785900115967, 34.55572986602783, 46.51858973503113, 61.45550608634949, 78.34934997558594, 97.45028901100159, 117.41067337989807, 141.7262899875641, 168.51263236999512, 198.31926488876343, 224.35731315612793, 257.0861930847168, 289.67108392715454, 383.49690890312195, 622.2700848579407]
nauc_scores: [0.2635309982762588, 0.4742621663489428, 0.6552123911393952, 0.7775441278653823, 0.8615028433387133, 0.9137258254418317, 0.9333924707748424, 0.9664760295631614, 0.9763877430658996, 0.9828848625617999, 0.9865652730616421, 0.9880800240429888, 0.9900610645108965, 0.9911086480619724, 0.9925158372355687, 0.9928931495218614]
accuracy: [0.0047665124204096495, 0.006733111804080119, 0.009087987043424494, 0.013520246356620216, 0.025904744383775408, 0.03716821370561997, 0.0669314634505556, 0.09040291067457305, 0.12378840984031991, 0.15049872229411956, 0.17606816141175796, 0.1928728882011177, 0.21405150669033968, 0.22935226550747562, 0.25025066774336474, 0.2594743707583134]
nauc_var: 2.3886277305585527e-08
nauc_std: 0.00015455185959924755
alc_var: 1.9615717292264868e-07
alc_mean: 0.8371034850743342
nauc_mean: 0.9929582691359862
alc_std: 0.0004428963455738246
