score: 0.795651413943584
Duration: 1167.964375257492
timestamps: [24.495850801467896, 26.8582603931427, 29.423978328704834, 54.83177828788757, 56.42691421508789, 58.023937940597534, 60.064539194107056, 86.84514307975769, 90.13717007637024, 93.09700083732605, 96.30548405647278, 99.74409079551697, 103.17501330375671, 106.26049184799194, 109.34617233276367, 119.31444549560547, 127.87762522697449, 136.0436520576477, 146.91728568077087, 158.87552332878113, 169.77764916419983, 180.63723134994507, 191.5881450176239, 569.7482800483704, 591.9865155220032, 614.4966492652893, 635.0353119373322, 655.7997314929962, 676.8182408809662, 738.8248655796051, 798.0918140411377, 847.5838775634766, 895.5183589458466, 943.36261510849, 1024.093111038208, 1030.964302778244, 1037.2854676246643, 1044.6732876300812, 1051.9582059383392, 1075.8067700862885, 1097.500776052475, 1114.8767802715302, 1141.4113404750824, 1167.964375257492]
nauc_scores: [0.0009563209820551144, 0.8321943280092337, 0.8399954550224498, 0.8399954550224498, 0.8710518635355866, 0.8844501913136533, 0.8844501913136533, 0.8844501913136533, 0.8977320914005213, 0.8977320914005213, 0.8977320914005213, 0.899240550910593, 0.8998132333725593, 0.8998132333725593, 0.8998132333725593, 0.8998132333725593, 0.8998132333725593, 0.8998132333725593, 0.8998132333725593, 0.9133020912620042, 0.9133020912620042, 0.9133020912620042, 0.9133020912620042, 0.919782119564752, 0.919782119564752, 0.919782119564752, 0.919782119564752, 0.919782119564752, 0.919782119564752, 0.9411632579786593, 0.9411632579786593, 0.9411632579786593, 0.9411632579786593, 0.9411632579786593, 0.9446741579312041, 0.9225500431700446, 0.9225500431700446, 0.9225500431700446, 0.9225500431700446, 0.9467871652406985, 0.9467871652406985, 0.9467871652406985, 0.9467871652406985, 0.9467871652406985]
accuracy: [0.09059210400826335, 0.33462297721633494, 0.33454290659212615, 0.33454290659212615, 0.7668991743875131, 0.6662163861113961, 0.6662163861113961, 0.6662163861113961, 0.7414425284981735, 0.7414425284981735, 0.7414425284981735, 0.7451402294064485, 0.7743701178747722, 0.7743701178747722, 0.7743701178747722, 0.7743701178747722, 0.7743701178747722, 0.7743701178747722, 0.7743701178747722, 0.7367195451386941, 0.7367195451386941, 0.7367195451386941, 0.7367195451386941, 0.7555448313799342, 0.7555448313799342, 0.7555448313799342, 0.7555448313799342, 0.7555448313799342, 0.7555448313799342, 0.7820492993077256, 0.7820492993077256, 0.7820492993077256, 0.7820492993077256, 0.7820492993077256, 0.7859105913923154, 0.7200810342196596, 0.7200810342196596, 0.7200810342196596, 0.7200810342196596, 0.7727446808459317, 0.7727446808459317, 0.7727446808459317, 0.7727446808459317, 0.7727446808459317]
alc_mean: 0.7952304829282676
nauc_std: 0.0013176269095032187
alc_var: 4.0840002624679996e-07
nauc_mean: 0.9472421678203796
nauc_var: 1.7361406726470035e-06
alc_std: 0.0006390618328822337
