score: 0.9766939775356992
Duration: 77.68440961837769
timestamps: [3.477212905883789, 4.588419675827026, 9.49447226524353, 15.046354055404663, 21.39226484298706, 26.759788036346436, 27.701406478881836, 28.566760778427124, 58.43003439903259, 60.92216205596924, 63.43028974533081, 65.92740797996521, 68.41503119468689, 70.91780734062195, 73.33864331245422, 75.78606057167053, 77.68440961837769]
nauc_scores: [0.7014089608928078, 0.8939545499860044, 0.9917873458638431, 0.9985115034217402, 0.999653064886143, 0.9997523082887172, 0.9996934143909633, 0.9996021948281986, 0.9996886436624699, 0.9996596031002876, 0.9995801509760873, 0.999646800802968, 0.9996053176261608, 0.9996053176261608, 0.9996619397170203, 0.999673029152591, 0.999673029152591]
accuracy: [0.6455464415296326, 0.7779960203807492, 0.9201227703459761, 0.9114379170190174, 0.9573413940488321, 0.9650620095402606, 0.9674535791089867, 0.9758944405974346, 0.9753531182616548, 0.9714569443934038, 0.9737646001372532, 0.9750927786633398, 0.9742894392322962, 0.9742894392322962, 0.9769042088203956, 0.980625589332651, 0.980625589332651]
alc_std: 0.00039158942619468433
alc_mean: 0.9767490932351585
nauc_var: 1.7102083127743027e-08
alc_var: 1.5334227870748213e-07
nauc_mean: 0.9996244170931468
nauc_std: 0.00013077493310165763
