score: 0.49899197152337416
Duration: 642.3425557613373
timestamps: [10.49314284324646, 13.226315975189209, 20.859577178955078, 26.415165662765503, 36.44357943534851, 48.27117133140564, 60.46426725387573, 77.38380026817322, 95.55777192115784, 116.77916860580444, 140.68256831169128, 170.8651876449585, 396.11478090286255, 642.3425557613373]
nauc_scores: [0.29074486126189836, 0.36709624563757415, 0.36711205406053593, 0.4115768557582822, 0.45831629078085623, 0.4802704077021944, 0.4932704287064622, 0.5197491283590379, 0.5324400669140166, 0.5423011416886157, 0.5536967429513016, 0.5624225082181915, 0.5620113351260703, 0.5620113351260703]
nauc_var: 0.00018471638758679434
nauc_std: 0.013591040710217682
alc_std: 0.007187490284049121
alc_mean: 0.49736046220899255
alc_var: 5.166001658330052e-05
nauc_mean: 0.5637327842917992
