score: 0.9257020005281277
Duration: 306.722727060318
timestamps: [5.0413453578948975, 18.07247829437256, 25.605709552764893, 27.867120504379272, 30.26251745223999, 33.16380500793457, 36.00768756866455, 45.50417971611023, 50.06121015548706, 52.162182569503784, 54.46831750869751, 57.6245801448822, 60.758660554885864, 63.98858046531677, 75.63733887672424, 110.17311906814575, 113.58244705200195, 117.2230052947998, 122.11216235160828, 126.82099151611328, 143.93408393859863, 147.98717069625854, 150.37239956855774, 152.85694885253906, 157.3004891872406, 173.4138262271881, 179.21286845207214, 182.65983486175537, 186.13590717315674, 190.74711871147156, 208.57970261573792, 212.4841148853302, 214.62179589271545, 216.70574831962585, 220.17487239837646, 235.61911273002625, 240.1764268875122, 242.98417806625366, 246.01340508460999, 250.62809300422668, 255.08175086975098, 259.5043749809265, 277.49319434165955, 281.18353843688965, 283.13532733917236, 285.12274718284607, 288.2685158252716, 306.722727060318]
nauc_scores: [0.792987467728758, 0.9068248063725488, 0.9304336137663398, 0.9380599148284317, 0.9427991654411763, 0.9427991654411763, 0.9427991654411763, 0.9456350120506534, 0.9456350120506534, 0.9456350120506534, 0.9456350120506534, 0.9456350120506534, 0.9458609993872551, 0.9468894736519604, 0.9535635588235296, 0.9535635588235296, 0.9590707175245095, 0.9598142777777778, 0.9598142777777778, 0.9598142777777778, 0.9671087408088235, 0.9671087408088235, 0.9671087408088235, 0.9671087408088235, 0.9671087408088235, 0.969445336397059, 0.969445336397059, 0.969445336397059, 0.969445336397059, 0.969445336397059, 0.9697414846813726, 0.9697414846813726, 0.9697414846813726, 0.9697414846813726, 0.9697414846813726, 0.9699551454248367, 0.9699551454248367, 0.9699551454248367, 0.9699551454248367, 0.9699551454248367, 0.9699551454248367, 0.9699551454248367, 0.9697990267565357, 0.9697990267565357, 0.9697990267565357, 0.9697990267565357, 0.9697990267565357, 0.9699195312500004]
accuracy: [0.259745537136447, 0.4486792658068143, 0.5069408221217913, 0.6192086890285787, 0.6465728846439286, 0.6465728846439286, 0.6465728846439286, 0.628685618496038, 0.628685618496038, 0.628685618496038, 0.628685618496038, 0.628685618496038, 0.6741402114796098, 0.6898722079157726, 0.6664379308879673, 0.6664379308879673, 0.6855754081544569, 0.7072302111320136, 0.7072302111320136, 0.7072302111320136, 0.691681560364015, 0.691681560364015, 0.691681560364015, 0.691681560364015, 0.691681560364015, 0.7085663286316483, 0.7085663286316483, 0.7085663286316483, 0.7085663286316483, 0.7085663286316483, 0.7015698813494133, 0.7015698813494133, 0.7015698813494133, 0.7015698813494133, 0.7015698813494133, 0.7020643099001559, 0.7020643099001559, 0.7020643099001559, 0.7020643099001559, 0.7020643099001559, 0.7020643099001559, 0.7020643099001559, 0.7029862297299818, 0.7029862297299818, 0.7029862297299818, 0.7029862297299818, 0.7029862297299818, 0.7018104346142642]
nauc_var: 1.5812473229433972e-07
alc_var: 2.2947688415170314e-07
nauc_std: 0.00039764900640431596
nauc_mean: 0.9698642631481814
alc_mean: 0.9254801490314074
alc_std: 0.0004790374558964081
