score: 0.029400588669095385
Duration: 27.693745136260986
timestamps: [24.48015832901001, 27.693745136260986]
nauc_scores: [0.01881987870695845, 0.03332367183717033]
accuracy: [0.051143301641722476, 0.05098369446968919]
