score: 0.26098246776385337
Duration: 393.205614566803
timestamps: [6.893231153488159, 9.490931272506714, 16.029841899871826, 22.10517907142639, 32.696934938430786, 45.21801209449768, 59.456767559051514, 76.32395720481873, 95.31412506103516, 116.15190434455872, 244.95667362213135, 265.73297119140625, 393.205614566803]
nauc_scores: [0.083344418684141, 0.1317116371506215, 0.20506845611066327, 0.21198263741697732, 0.237750521289952, 0.2574769055395538, 0.23464588398063513, 0.3216423273148481, 0.25317669534500964, 0.28905775652060584, 0.27987199243206584, 0.290776303720937, 0.290776303720937]
accuracy: [0.038056363953759574, 0.06644986094357122, 0.07978255087146716, 0.04341036978142068, 0.03837822349003286, 0.025728604775988203, 0.02501470016723246, 0.024744306771848107, 0.02579939679990542, 0.024140756281087812, 0.026739711789891468, 0.06565114974062504, 0.06565114974062504]
alc_mean: 0.25858350657794094
nauc_mean: 0.2886923167572094
alc_var: 1.6797073356749086e-05
nauc_std: 0.004782615678064366
alc_std: 0.004098423276913829
nauc_var: 2.287341272406708e-05
