score: 0.8853624163472023
Duration: 50.808491945266724
timestamps: [11.572932004928589, 21.176404237747192, 35.82555627822876, 50.808491945266724]
nauc_scores: [0.9295518139556751, 0.9295518139556751, 0.9409678907779266, 0.9409678907779266]
accuracy: [0.5606229916984765, 0.5606229916984765, 0.6693009294444712, 0.6693009294444712]
alc_std: 0.002295282934587678
nauc_var: 1.235678549466579e-05
alc_mean: 0.8852761109457947
nauc_std: 0.0035152219694730216
alc_var: 5.268323749809424e-06
nauc_mean: 0.9408223226072117
