score: 0.8572071242193545
Duration: 384.5316512584686
timestamps: [12.289750337600708, 14.950312376022339, 21.615742444992065, 27.029812335968018, 37.31855249404907, 50.526777029037476, 64.08121609687805, 82.33627319335938, 103.99734807014465, 120.16479015350342, 142.09463596343994, 170.0157871246338, 304.32553029060364, 384.5316512584686]
nauc_scores: [0.42272457799825625, 0.47352916525488675, 0.6555140993411748, 0.7235963473877878, 0.9244629983345094, 0.8535306424085636, 0.9401615370767467, 0.8992568174400881, 0.9567483848218836, 0.9144978831880912, 0.973572162848765, 0.9747072609571152, 0.9237948974556653, 0.9649414923113173]
accuracy: [0.1855908392824031, 0.21388237227194407, 0.27243945457415175, 0.27305255612470675, 0.3903403677635449, 0.3004998757293018, 0.44565703013972413, 0.3595515127279618, 0.5060412631317337, 0.40136362464684855, 0.6054988145529928, 0.6275183489523832, 0.472585151870361, 0.5887652392985628]
nauc_var: 2.0700340337083734e-06
nauc_std: 0.0014387612844764671
nauc_mean: 0.9660193719326291
alc_std: 0.0015144243527784554
alc_mean: 0.8575034110662573
alc_var: 2.293481120288444e-06
