score: 0.9095587963324987
Duration: 658.2227230072021
timestamps: [2.742826223373413, 9.044756174087524, 22.66957926750183, 28.14180612564087, 34.587934732437134, 51.966354846954346, 69.30052161216736, 86.6476240158081, 104.16179013252258, 112.62568783760071, 117.2799665927887, 123.76489567756653, 138.36480808258057, 152.70628428459167, 167.4602861404419, 207.29529857635498, 219.4142780303955, 231.6289210319519, 245.76212882995605, 260.6430947780609, 275.7160556316376, 290.7732427120209, 310.39465832710266, 325.7957968711853, 341.2333137989044, 366.4336199760437, 380.732923746109, 391.9647047519684, 403.32783126831055, 416.0092542171478, 429.0370843410492, 442.093581199646, 455.2139024734497, 465.2242043018341, 473.90675950050354, 482.33198642730713, 501.29054594039917, 520.8526685237885, 533.3247675895691, 543.5683054924011, 554.1080162525177, 566.5745108127594, 579.0476553440094, 592.3788888454437, 602.5342557430267, 611.2919471263885, 619.7510178089142, 638.5708909034729, 658.2227230072021]
nauc_scores: [0.8372648276689691, 0.8226551300619336, 0.8980670717644759, 0.9024299470185984, 0.9096316753196416, 0.9133153273537427, 0.9131529152283353, 0.9134853819845035, 0.9125157080144928, 0.9174538684158215, 0.9174538684158215, 0.9199501950367366, 0.9199501950367366, 0.9199501950367366, 0.9296537241253207, 0.9296537241253207, 0.9296537241253207, 0.9309672397431892, 0.9309672397431892, 0.932941956487058, 0.9328779016282305, 0.940433353514287, 0.940433353514287, 0.940433353514287, 0.940433353514287, 0.9485864493190279, 0.9485864493190279, 0.9485864493190279, 0.9485864493190279, 0.9485864493190279, 0.9485864493190279, 0.9485864493190279, 0.9502106061196349, 0.9502106061196349, 0.9502106061196349, 0.9502106061196349, 0.9502106061196349, 0.95143461555852, 0.95143461555852, 0.95143461555852, 0.95143461555852, 0.95143461555852, 0.95143461555852, 0.9515508882795105, 0.9515508882795105, 0.9515508882795105, 0.9515508882795105, 0.9515508882795105, 0.951992091890925]
accuracy: [0.7472611009015888, 0.7461412168670856, 0.8283587937713555, 0.8497455613949493, 0.8640515553695042, 0.8744926044200235, 0.8759446926971279, 0.8777738280406195, 0.875510544462165, 0.8653573781762061, 0.8653573781762061, 0.8770422426612716, 0.8770422426612716, 0.8770422426612716, 0.8760124294842117, 0.8760124294842117, 0.8760124294842117, 0.8725080424296466, 0.8725080424296466, 0.890902157713287, 0.8951752978161072, 0.8826720100036557, 0.8826720100036557, 0.8826720100036557, 0.8826720100036557, 0.8769966645177839, 0.8769966645177839, 0.8769966645177839, 0.8769966645177839, 0.8769966645177839, 0.8769966645177839, 0.8769966645177839, 0.882954553122034, 0.882954553122034, 0.882954553122034, 0.882954553122034, 0.882954553122034, 0.8798866081617539, 0.8798866081617539, 0.8798866081617539, 0.8798866081617539, 0.8798866081617539, 0.8798866081617539, 0.8808066279503443, 0.8808066279503443, 0.8808066279503443, 0.8808066279503443, 0.8808066279503443, 0.8815162985680894]
alc_mean: 0.9089657847947045
nauc_mean: 0.9510102066252013
alc_var: 8.829293588090995e-06
alc_std: 0.0029714127259758104
nauc_var: 1.3683517176907625e-05
nauc_std: 0.003699123839087795
