score: 0.7687717760201478
Duration: 155.95428085327148
timestamps: [1.6374337673187256, 2.991363525390625, 4.268049716949463, 5.695397853851318, 6.954625129699707, 8.207314014434814, 9.44690990447998, 10.721343755722046, 12.0302095413208, 13.328178644180298, 14.574559450149536, 15.816060781478882, 17.002503871917725, 18.360386610031128, 19.643649339675903, 20.9524986743927, 22.181544542312622, 132.72190856933594, 137.65716671943665, 142.71693086624146, 145.5964069366455, 149.47126173973083, 152.70081877708435, 155.95428085327148]
nauc_scores: [0.6828743106488333, 0.7149980484520033, 0.734993871671247, 0.7461176997095147, 0.7526758105552096, 0.7588281703551345, 0.763277491441255, 0.7658249560712358, 0.7683956143332498, 0.7706401469571866, 0.7725711872657621, 0.7734754316136552, 0.7748860531687398, 0.7759224673709284, 0.7772653214050376, 0.7772377425118575, 0.7778556213935695, 0.7778556213935695, 0.7778556213935695, 0.7778556213935695, 0.7778556213935695, 0.7778556213935695, 0.7778556213935695, 0.7778556213935695]
accuracy: [0.2671960480252344, 0.34076147719803745, 0.39730773517574086, 0.4385823449698703, 0.46876828460952175, 0.4907486995248777, 0.5074223931347873, 0.519691152579453, 0.5290110161564467, 0.5363301758733647, 0.5418620556302028, 0.5462907918150064, 0.549564620330876, 0.5524939540283101, 0.5553136779271557, 0.5573063442031727, 0.5589244815492656, 0.5589244815492656, 0.5589244815492656, 0.5589244815492656, 0.5589244815492656, 0.5589244815492656, 0.5589244815492656, 0.5589244815492656]
nauc_std: 0.0061313588670645625
alc_std: 0.008427912717109926
nauc_mean: 0.7735358229558378
alc_mean: 0.77360126530611
nauc_var: 3.7593561556731234e-05
alc_var: 7.102971276722321e-05
