score: 0.8745630272537687
Duration: 331.3087556362152
timestamps: [14.136152505874634, 17.82676410675049, 24.813708543777466, 33.6431622505188, 41.742833614349365, 52.414414167404175, 65.62802648544312, 80.11415719985962, 102.51466464996338, 331.3087556362152]
nauc_scores: [0.7257403548519683, 0.8725143472274908, 0.7424010125505258, 0.9303694103763647, 0.9435148082227356, 0.9534393316208336, 0.9450464039128852, 0.9541023803888897, 0.9531864619051682, 0.9572282460495256]
accuracy: [0.30028077466094555, 0.5172991272515846, 0.47840310934706404, 0.6999180574719194, 0.7292934385354689, 0.7975973173406187, 0.8085495852292963, 0.8215404792877173, 0.8261099237953298, 0.8462379329336593]
nauc_var: 2.1272970186035638e-05
nauc_mean: 0.9554489333007355
nauc_std: 0.004612263022208907
alc_std: 0.0038490165965703008
alc_mean: 0.8738197796003131
alc_var: 1.4814928760673621e-05
