score: 0.708725026710155
Duration: 118.8216347694397
timestamps: [8.401810646057129, 9.742709636688232, 11.208616256713867, 27.146106958389282, 27.652801036834717, 28.225756883621216, 29.659218311309814, 51.24670386314392, 51.99728798866272, 52.80690884590149, 54.505937814712524, 56.178173780441284, 59.00265097618103, 59.92395329475403, 60.995776414871216, 63.222718238830566, 65.40962791442871, 67.61188888549805, 72.24933934211731, 73.61625051498413, 75.18633723258972, 78.12768459320068, 80.68820452690125, 83.17580723762512, 86.71852588653564, 88.11594796180725, 89.66854667663574, 92.80498170852661, 95.85367465019226, 98.88392353057861, 101.26548194885254, 102.05440521240234, 102.92416858673096, 104.74068140983582, 106.57792210578918, 108.38133096694946, 111.35168051719666, 112.40706086158752, 113.54135799407959, 115.98330998420715, 118.36121129989624, 118.8216347694397]
nauc_scores: [0.004812178902068087, 0.38404863705759107, 0.4131799833780534, 0.4131799833780534, 0.6542586166580562, 0.6542586166580562, 0.6542586166580562, 0.6542586166580562, 0.7600083409491596, 0.7600083409491596, 0.7600083409491596, 0.7600083409491596, 0.7600083409491596, 0.7612847344315745, 0.7693661064453128, 0.7693661064453128, 0.7693661064453128, 0.7693661064453128, 0.7788582097203036, 0.7712317137909317, 0.7650141299966795, 0.7650141299966795, 0.7650141299966795, 0.7650141299966795, 0.7840696399888014, 0.7840696399888014, 0.7840696399888014, 0.7840696399888014, 0.7840696399888014, 0.7840696399888014, 0.7883074591662453, 0.7883074591662453, 0.7883074591662453, 0.7883074591662453, 0.7883074591662453, 0.7883074591662453, 0.7887736515620181, 0.7887736515620181, 0.7887736515620181, 0.7887736515620181, 0.7887736515620181, 0.7892698379544179]
accuracy: [0.20013696752977472, 0.2746155603311903, 0.26902800603554466, 0.26902800603554466, 0.534373155295429, 0.534373155295429, 0.534373155295429, 0.534373155295429, 0.5607760781477183, 0.5607760781477183, 0.5607760781477183, 0.5607760781477183, 0.5607760781477183, 0.5893781989037918, 0.5883763438977406, 0.5883763438977406, 0.5883763438977406, 0.5883763438977406, 0.5745762118699319, 0.5764985145212536, 0.5750351841297121, 0.5750351841297121, 0.5750351841297121, 0.5750351841297121, 0.5747292019535511, 0.5747292019535511, 0.5747292019535511, 0.5747292019535511, 0.5747292019535511, 0.5747292019535511, 0.5773555636924166, 0.5773555636924166, 0.5773555636924166, 0.5773555636924166, 0.5773555636924166, 0.5773555636924166, 0.5805158160459923, 0.5805158160459923, 0.5805158160459923, 0.5805158160459923, 0.5805158160459923, 0.5791639716792999]
nauc_std: 0.0019631151188103098
alc_var: 4.903067902548114e-06
alc_mean: 0.7096224518998204
nauc_mean: 0.7898093024987468
nauc_var: 3.8538209697016164e-06
alc_std: 0.0022142872222338534
