score: 0.7389338645117678
Duration: 332.0717794895172
timestamps: [1.1318879127502441, 1.7768769264221191, 6.893756151199341, 10.34471845626831, 13.887305974960327, 17.53978657722473, 21.285783767700195, 25.043585777282715, 28.65120840072632, 32.4938862323761, 36.45692491531372, 40.72543120384216, 45.02744674682617, 49.40177035331726, 53.72192645072937, 58.1287362575531, 62.638585329055786, 67.0402762889862, 71.42103743553162, 76.02883315086365, 80.52278709411621, 85.07314395904541, 89.95822954177856, 94.770583152771, 99.49405431747437, 103.91299200057983, 108.33897018432617, 151.3761749267578, 199.03851127624512, 240.8534116744995, 289.90215730667114, 332.0717794895172]
nauc_scores: [0.42072425316455697, 0.3123941265822785, 0.5197354936708862, 0.5725391392405064, 0.6052180253164556, 0.6179443037974683, 0.629454582278481, 0.6348281518987342, 0.6499686075949365, 0.652102075949367, 0.6547556455696204, 0.6575501772151902, 0.6621257721518989, 0.6668970126582279, 0.6713089620253165, 0.6772682531645566, 0.6794312911392404, 0.6802478987341773, 0.6816680506329114, 0.6827507848101264, 0.6850928607594937, 0.6867860253164557, 0.6883183797468355, 0.6901970632911394, 0.6918468860759495, 0.692441924050633, 0.694533265822785, 0.7673822784810129, 0.8100228860759495, 0.8214784810126583, 0.8285079493670886, 0.8288283544303798]
accuracy: [0.9805042033456935, 0.9775195422420471, 0.9779206043321911, 0.9787394894539966, 0.9792311617631232, 0.9796076264768905, 0.9797405382028205, 0.9802218963571305, 0.9805142238897963, 0.9808103065492267, 0.9810560740300498, 0.981170307074658, 0.9813309520248218, 0.981446709222793, 0.9815254371013278, 0.9816254248210436, 0.9816730122938304, 0.9817198219390578, 0.9817538468845756, 0.9816827770580551, 0.9817353244256685, 0.9817053383588216, 0.9817609436981555, 0.9817983879361549, 0.9818450110040882, 0.9818742308446179, 0.9819121310471081, 0.9823777349551528, 0.9819594552907398, 0.9823180967609562, 0.9825154144781815, 0.9826627236805556]
nauc_std: 0.0326353652761963
nauc_mean: 0.824338879046161
alc_mean: 0.7619107027435166
alc_var: 0.000639799198328924
nauc_var: 0.0010650670667107591
alc_std: 0.02529425227851031
