score: 0.4386027800798324
Duration: 610.1075212955475
timestamps: [31.077901601791382, 39.95476031303406, 56.522428035736084, 72.4079372882843, 106.19498181343079, 349.2580580711365, 370.45675134658813, 610.1075212955475]
nauc_scores: [0.21408671949290925, 0.36839211415017115, 0.4665311412079365, 0.5137526092435831, 0.5500591984782364, 0.5060751616875054, 0.5158001269860213, 0.5273576579637498]
alc_std: 0.024430470156060046
nauc_std: 0.016244347851340435
alc_mean: 0.4396183834246828
nauc_var: 0.0002638788371153486
alc_var: 0.0005968478720461406
nauc_mean: 0.5270389255499328
