score: 0.8562826352698188
Duration: 668.4088597297668
timestamps: [8.103774547576904, 19.315345287322998, 31.710134744644165, 44.25129532814026, 68.99378728866577, 84.65892624855042, 110.01712584495544, 121.03302788734436, 136.56038880348206, 152.2076756954193, 171.1124885082245, 214.80960774421692, 236.29441857337952, 260.59725284576416, 279.21965432167053, 297.95639395713806, 319.3272752761841, 343.727171421051, 392.06786942481995, 419.5204291343689, 450.0464599132538, 493.3934419155121, 567.5068688392639, 641.4557411670685, 668.4088597297668]
nauc_scores: [0.4398730123342307, 0.7543674410871575, 0.8430115134125111, 0.8646905890473047, 0.8646905890473047, 0.8646905890473047, 0.9143902108021251, 0.9251481717997654, 0.9309720100424961, 0.932375773365494, 0.9378044305821565, 0.9397814496190062, 0.9392783330505454, 0.9408339804540589, 0.9428390309263563, 0.9455879374285951, 0.9475659395917457, 0.9498812081934751, 0.9518168015039095, 0.9527493500006279, 0.9556500700642439, 0.9590359510493247, 0.9605552322148936, 0.9600017172638813, 0.9600017172638813]
accuracy: [0.015119586385575742, 0.03862787199677232, 0.07917963909839505, 0.06452752819792117, 0.06452752819792117, 0.06452752819792117, 0.1329155501075481, 0.16331942410231307, 0.1825389099044706, 0.18700330102693763, 0.22641889849114938, 0.23662152001961773, 0.2226701137760621, 0.23107657771706863, 0.24712750675918402, 0.2652655046193468, 0.2747482230922011, 0.2864221973441151, 0.28925441047171535, 0.2939649363493698, 0.31534373993517556, 0.33211120915566344, 0.35739465225259487, 0.38064934949343965, 0.38064934949343965]
nauc_std: 0.0008576249976442592
alc_std: 0.0008811667273385666
alc_var: 7.764548013685598e-07
nauc_var: 7.355206365843155e-07
alc_mean: 0.8565140353286868
nauc_mean: 0.959903882680569
