score: 0.21244737852209356
Duration: 197.0479712486267
timestamps: [53.13979482650757, 59.97776794433594, 66.7545518875122, 74.13045120239258, 82.02667379379272, 90.48986077308655, 100.84656047821045, 116.57174873352051, 143.9985065460205, 189.70000863075256, 197.0479712486267]
nauc_scores: [0.22364810047575423, 0.2823908553376695, 0.24912465939257222, 0.29488771550118, 0.37368067577107267, 0.297792751633821, 0.26828087816674984, 0.3036404933264576, 0.4510053182032605, 0.23830239534420317, 0.23830239534420317]
accuracy: [0.5211607113915783, 0.5538807086751026, 0.5717735468439785, 0.5666306286717042, 0.5365881135166651, 0.5812365505693294, 0.5825049209815963, 0.583139306934608, 0.4752251837945521, 0.5872916150207476, 0.5872916150207476]
alc_mean: 0.21112676154104387
nauc_mean: 0.23885833146430083
nauc_std: 0.003973160876258035
nauc_var: 1.5786007348627516e-05
alc_std: 0.003220487705615948
alc_var: 1.037154106202347e-05
