score: 0.8013268607956953
Duration: 15.08246898651123
timestamps: [2.647151231765747, 10.125481367111206, 11.967777252197266, 13.443543434143066, 15.08246898651123]
nauc_scores: [0.7847958041418177, 0.7847958041418177, 0.8142068592824194, 0.815029529268716, 0.8142068592824194]
accuracy: [0.7039518461366656, 0.7039518461366656, 0.7592755401190148, 0.7848440565190304, 0.7592755401190148]
alc_var: 3.999070599565553e-05
alc_mean: 0.7950910086684984
nauc_std: 0.012130914946098996
alc_std: 0.0063238205220938655
nauc_mean: 0.8164388629518415
nauc_var: 0.000147159097429488
