score: 0.8718254737887634
Duration: 129.27528047561646
timestamps: [3.4852042198181152, 3.534592390060425, 3.5837485790252686, 92.72546696662903, 109.31014108657837, 110.52398896217346, 111.62474393844604, 112.32648825645447, 112.99818277359009, 113.5827476978302, 114.25315189361572, 114.79105830192566, 115.32218956947327, 117.41780471801758, 118.83107113838196, 122.45766520500183, 123.30510544776917, 124.54992866516113, 125.27069783210754, 126.38578367233276, 127.05312991142273, 128.1772277355194, 129.27528047561646]
nauc_scores: [0.7375135262322288, 0.7375135262322288, 0.7375135262322288, 0.7375135262322288, 0.7375135262322288, 0.7375135262322288, 0.7375135262322288, 0.7375135262322288, 0.7375135262322288, 0.7375135262322288, 0.7375135262322288, 0.7375135262322288, 0.7375135262322288, 0.7375135262322288, 0.7375135262322288, 0.9341766101248143, 0.9341766101248143, 0.9533902001815495, 0.9533902001815495, 0.9630892862197225, 0.9630892862197225, 0.9575903472221208, 0.9710675238050612]
accuracy: [0.42237964321231924, 0.42237964321231924, 0.42237964321231924, 0.42237964321231924, 0.42237964321231924, 0.42237964321231924, 0.42237964321231924, 0.42237964321231924, 0.42237964321231924, 0.42237964321231924, 0.42237964321231924, 0.42237964321231924, 0.42237964321231924, 0.42237964321231924, 0.42237964321231924, 0.6425722000909749, 0.6425722000909749, 0.7016937218171404, 0.7016937218171404, 0.7477561294122974, 0.7477561294122974, 0.7228198602622716, 0.771022911890751]
