score: 0.7873085014145329
Duration: 64.89593887329102
timestamps: [13.430910587310791, 17.768195629119873, 19.656068563461304, 21.560616493225098, 23.47552180290222, 25.43803858757019, 34.561376333236694, 36.45028233528137, 38.35603189468384, 43.74519228935242, 64.89593887329102]
nauc_scores: [0.801527493670886, 0.8364978227848101, 0.801527493670886, 0.8442661265822786, 0.8466045569620251, 0.8538146835443041, 0.8557253670886076, 0.8518715949367088, 0.8531540253164556, 0.8215752911392404, 0.8456157974683545]
accuracy: [0.955132826368189, 0.9604064050360488, 0.955132826368189, 0.9794133458082946, 0.9785366180126374, 0.9753301147527381, 0.9775455845974184, 0.9810263381543542, 0.9843834089570364, 0.9873673732545382, 0.980363455907772]
alc_std: 0.027796073436922666
alc_mean: 0.7830738149733238
nauc_std: 0.029151451989755117
nauc_mean: 0.8410008093262237
nauc_var: 0.0008498071531109975
alc_var: 0.0007726216985107978
