score: 0.718936107028951
Duration: 738.2498252391815
timestamps: [31.62611722946167, 53.40312910079956, 87.4127745628357, 101.47151947021484, 132.4162769317627, 164.75895881652832, 195.4337465763092, 227.4263789653778, 258.92511677742004, 290.84661841392517, 322.86914348602295, 355.70572900772095, 386.30006289482117, 416.65177273750305, 448.27006793022156, 479.344774723053, 511.79677629470825, 543.4194526672363, 576.0248286724091, 608.5111608505249, 640.9238131046295, 674.0805518627167, 706.6945853233337, 738.2498252391815]
nauc_scores: [0.00018627450980379656, 0.7652304808006538, 0.7661707273284313, 0.9156204266748367, 0.9342621738153598, 0.9380519168709149, 0.9395943909313726, 0.9403820261437907, 0.940901705678105, 0.9396660449346408, 0.9392493353758167, 0.938767703635621, 0.9384042162990198, 0.9360611062091506, 0.9354238092320257, 0.9348396887254902, 0.9355330367647063, 0.9333690259395422, 0.9336181450163403, 0.93276376000817, 0.9325893794934639, 0.9306254444444444, 0.930852297589869, 0.930852297589869]
accuracy: [0.055610458157018476, 0.2613342849421324, 0.25275430810667443, 0.5783135858491903, 0.6415898849920864, 0.6587194855802627, 0.6810732518499172, 0.6876176146597084, 0.6959160686235369, 0.7004578945451108, 0.7075688908085217, 0.7079851290362248, 0.7152644427046599, 0.7116705968426875, 0.7122699787819723, 0.7139783337854635, 0.7196820294851478, 0.7173377469560239, 0.7217977181848417, 0.7188617554374368, 0.723586007247127, 0.7189542091278929, 0.7220600167443673, 0.7220600167443673]
alc_std: 0.0003933214486681581
nauc_mean: 0.9305122974019877
nauc_var: 6.430639013099295e-07
nauc_std: 0.0008019126519203507
alc_mean: 0.7191291819367771
alc_var: 1.5470176198241852e-07
