score: 0.9380740715788825
Duration: 566.9681935310364
timestamps: [3.7240731716156006, 4.404266834259033, 5.412473678588867, 6.631687879562378, 9.046669244766235, 11.71272587776184, 13.824265003204346, 18.78376030921936, 24.460373640060425, 30.719080209732056, 35.73510456085205, 45.908780097961426, 57.30339241027832, 69.7462465763092, 83.46416091918945, 322.613774061203, 566.9681935310364]
nauc_scores: [0.3202064599491583, 0.5803798208179296, 0.8137115871816845, 0.850753982534233, 0.8989755576160305, 0.9013541566479677, 0.9280150656019919, 0.9396328797406683, 0.9453049313793402, 0.9482202512626712, 0.9632925669087005, 0.9644668710211131, 0.9675586033113852, 0.9678711889768914, 0.967954877760163, 0.9685183068875693, 0.9674192465830156]
accuracy: [0.21237821115628902, 0.26618967451087105, 0.5416686649148676, 0.60706461881401, 0.6709983772134653, 0.6893868883290687, 0.7532189344861977, 0.7602759327629686, 0.7790582192160233, 0.8002723273336687, 0.834931070240853, 0.8429540025007741, 0.850031369541743, 0.8520225730232639, 0.8556605433995031, 0.8528642757444792, 0.8477023416097141]
alc_var: 7.163684530817278e-06
nauc_std: 0.00328445868262383
alc_mean: 0.9380675393283493
nauc_mean: 0.9678401143812426
nauc_var: 1.0787668837863064e-05
alc_std: 0.0026765060304092866
