score: 0.5187570879844271
Duration: 677.5324704647064
timestamps: [27.118919372558594, 49.80577516555786, 71.95705270767212, 95.60215163230896, 119.92081093788147, 144.85967421531677, 173.0722301006317, 208.70713114738464, 260.7219750881195, 337.5315248966217, 461.5350408554077, 677.5324704647064]
nauc_scores: [-0.009048228927912016, -0.0012545214269124028, 0.018631961998392343, 0.06519485725857299, 0.16833606149602498, 0.377244057264325, 0.6430238821494922, 0.8190399920841758, 0.8922290541392146, 0.9191561115788147, 0.9293636254699367, 0.9318203407801258]
accuracy: [0.009767153906078916, 0.00985355517161987, 0.0101190110041773, 0.011237069378759366, 0.014136919144996781, 0.02158804799718032, 0.0450058517127571, 0.11976961374689264, 0.2335677255612674, 0.3242960583906558, 0.38087898377996743, 0.4123570381228971]
alc_std: 0.001910408713114067
nauc_std: 0.0016579925446096161
alc_mean: 0.5191269664335766
alc_var: 3.649661451142146e-06
nauc_var: 2.7489392779810697e-06
nauc_mean: 0.9319274067891417
