score: 0.8259657648108945
Duration: 40.67309641838074
timestamps: [18.475481748580933, 24.316319227218628, 27.74366068840027, 30.946200847625732, 34.196595668792725, 37.405478954315186, 40.67309641838074]
nauc_scores: [0.8215113136094607, 0.8215113136094607, 0.8214427798870303, 0.8793643682086565, 0.8992970174749619, 0.9111426164013996, 0.9111426164013996]
accuracy: [0.7460166672006802, 0.7460166672006802, 0.7377496582363691, 0.7936065320401816, 0.8185899463625643, 0.8313559368620572, 0.8313559368620572]
alc_mean: 0.8310319652096039
nauc_mean: 0.909303114557335
nauc_var: 1.0900842637958625e-05
alc_std: 0.004450970067450052
alc_var: 1.981113454133632e-05
nauc_std: 0.0033016424152168
