score: 0.6945115201645833
Duration: 211.42463397979736
timestamps: [58.17876958847046, 71.52112245559692, 86.5745689868927, 116.70508217811584, 148.4874758720398, 180.0876269340515, 211.42463397979736]
nauc_scores: [0.00021241421568629626, 0.805961731821895, 0.9246953276143788, 0.9400365265522876, 0.9439677647058824, 0.9443044019607842, 0.9443044019607842]
accuracy: [0.05556626616856982, 0.31413649391110693, 0.5937471585797208, 0.6506435060635296, 0.6752399148614457, 0.6905608273692748, 0.6905608273692748]
alc_std: 0.00035431721417442455
alc_var: 1.2554068826032502e-07
nauc_mean: 0.9440410291563417
nauc_std: 0.0006434323321444634
alc_mean: 0.6949229061426452
nauc_var: 4.1400516604886313e-07
