score: 0.8099844323933634
Duration: 12.412035942077637
timestamps: [2.4945833683013916, 9.712285041809082, 11.03362774848938, 12.412035942077637]
nauc_scores: [0.7792626850404338, 0.7751264161503868, 0.8228533379653755, 0.8228533379653755]
accuracy: [0.7034961564411116, 0.7041602913293766, 0.761995249490957, 0.761995249490957]
alc_mean: 0.8168154812747843
nauc_std: 0.02009482934587257
nauc_var: 0.00040380216643974147
alc_std: 0.009963147023557868
alc_var: 9.926429861303e-05
nauc_mean: 0.8234985686386882
