score: 0.5746516421022374
Duration: 1016.155115365982
timestamps: [15.97674298286438, 19.036574363708496, 27.654423475265503, 34.54252767562866, 44.389626026153564, 55.779000997543335, 67.52223300933838, 82.82840538024902, 98.74174785614014, 117.66702795028687, 141.04641914367676, 165.95390129089355, 191.29691100120544, 217.63643789291382, 247.1347517967224, 279.28297567367554, 321.46429109573364, 377.94150972366333, 417.07204270362854, 454.84369349479675, 498.2633261680603, 541.4463074207306, 585.5502848625183, 638.2950439453125, 682.2850804328918, 737.8756709098816, 790.6976356506348, 1016.155115365982]
nauc_scores: [0.005452172139463585, 0.006312432405653379, 0.00811792734721628, 0.010607916204273593, 0.09083665994219103, 0.16697788599140195, 0.35250205085122466, 0.4688342948881319, 0.5548266800522632, 0.6299115640926487, 0.6343690258842045, 0.7131067081048943, 0.7407195974120042, 0.722897077523242, 0.8053264123019439, 0.8056633511789411, 0.8242642197500785, 0.8330256253502963, 0.8365523043447811, 0.8459052942230472, 0.8549661991844253, 0.8526000183366034, 0.8575528309131026, 0.8669677053778595, 0.8656570336363387, 0.8662915535491735, 0.8658576270676313, 0.8688450028904167]
accuracy: [0.05020344097693029, 0.049892770683422634, 0.050185796283368424, 0.05048443532930241, 0.06266664938836393, 0.0639321156460698, 0.07796099275904199, 0.10763287245378443, 0.1610500363737507, 0.17385391070834333, 0.1727688471753543, 0.22512423522224168, 0.2545797364415925, 0.28364863944274193, 0.33922634729671625, 0.3789431026069271, 0.41690865575889685, 0.4353571907346597, 0.45903904319278377, 0.4935866678251941, 0.5085341079485187, 0.5097535247413751, 0.5374243683146261, 0.5621319996530973, 0.5535569863756651, 0.5539816484590521, 0.5582535624162539, 0.5746787722672658]
alc_var: 2.21597363433115e-06
alc_mean: 0.5716117239691391
nauc_var: 6.377441655823031e-05
alc_std: 0.0014886146695270574
nauc_mean: 0.8662262220288313
nauc_std: 0.007985888589144624
