score: 0.8383476941343597
Duration: 429.37375950813293
timestamps: [35.34772086143494, 44.14160346984863, 50.28723216056824, 56.207860708236694, 57.34567189216614, 58.27177166938782, 59.19986367225647, 67.56133580207825, 70.65504908561707, 71.47044467926025, 74.55963206291199, 77.50037336349487, 98.63275671005249, 100.5498571395874, 110.75257015228271, 112.40745663642883, 122.49613618850708, 124.05097961425781, 134.07244348526, 135.55962252616882, 145.20743417739868, 146.70123147964478, 156.8877182006836, 186.28989362716675, 189.4459547996521, 192.2949357032776, 220.06127977371216, 222.64059734344482, 225.00181818008423, 227.11411952972412, 253.91693544387817, 256.0588574409485, 258.04040336608887, 259.8325650691986, 285.8457946777344, 287.5153024196625, 288.87062525749207, 290.35316348075867, 316.46514916419983, 317.60781049728394, 318.71439838409424, 319.6855368614197, 345.9798581600189, 346.849750995636, 347.77951097488403, 348.6695351600647, 374.9196674823761, 375.8457555770874, 376.5965554714203, 377.47114157676697, 403.51909613609314, 429.37375950813293]
nauc_scores: [0.8568604536755406, 0.928331701804614, 0.94569183977172, 0.94569183977172, 0.94569183977172, 0.94569183977172, 0.94569183977172, 0.9788539321843621, 0.984161131991218, 0.984161131991218, 0.9864912908556429, 0.9877554985412225, 0.9987265961005545, 0.9987265961005545, 0.9987659867511105, 0.9987659867511105, 0.9990198629976466, 0.9990198629976466, 0.9991023573844309, 0.9991023573844309, 0.9993168618002461, 0.9993168618002461, 0.99928767207133, 0.99928767207133, 0.99928767207133, 0.99928767207133, 0.9992482661263804, 0.9992482661263804, 0.9992482661263804, 0.9992482661263804, 0.9992803299889967, 0.9992803299889967, 0.9992803299889967, 0.9992803299889967, 0.9992638423393789, 0.9992638423393789, 0.9992638423393789, 0.9992638423393789, 0.9992187165103146, 0.9992187165103146, 0.9992187165103146, 0.9992187165103146, 0.9992064249141985, 0.9992064249141985, 0.9992064249141985, 0.9992064249141985, 0.9995010022016484, 0.9995010022016484, 0.9995010022016484, 0.9995010022016484, 0.9995399112035133, 0.9995573953432777]
accuracy: [0.1768783807198366, 0.26720784581736834, 0.3016257981243853, 0.3016257981243853, 0.3016257981243853, 0.3016257981243853, 0.3016257981243853, 0.4908211303328041, 0.5566436086680644, 0.5566436086680644, 0.6125846113987612, 0.634264558433208, 0.8585640617672248, 0.8585640617672248, 0.8694455640703751, 0.8694455640703751, 0.8839236486331866, 0.8839236486331866, 0.8841643084650845, 0.8841643084650845, 0.8989615989377575, 0.8989615989377575, 0.8943757073543788, 0.8943757073543788, 0.8943757073543788, 0.8943757073543788, 0.8995368083834041, 0.8995368083834041, 0.8995368083834041, 0.8995368083834041, 0.9065206238591614, 0.9065206238591614, 0.9065206238591614, 0.9065206238591614, 0.908345646181231, 0.908345646181231, 0.908345646181231, 0.908345646181231, 0.9053920197273227, 0.9053920197273227, 0.9053920197273227, 0.9053920197273227, 0.9049799045269554, 0.9049799045269554, 0.9049799045269554, 0.9049799045269554, 0.9081752796607533, 0.9081752796607533, 0.9081752796607533, 0.9081752796607533, 0.9112450495587754, 0.9124956124928846]
