score: 0.9669469965890337
Duration: 21.586247444152832
timestamps: [3.024885416030884, 4.442563533782959, 8.414694786071777, 13.961488723754883, 21.586247444152832]
nauc_scores: [0.10258474777035631, 0.5346289667026285, 0.9834774939742683, 0.9986109065218292, 0.999187826464017]
accuracy: [0.4784462463925727, 0.5156305743801265, 0.8824478901933615, 0.9698475211726196, 0.978580731361319]
nauc_var: 1.8117238892652645e-08
nauc_mean: 0.999179673786513
nauc_std: 0.00013460029306302658
alc_std: 0.0005596255435908822
alc_var: 3.131807490393904e-07
alc_mean: 0.9670139511152872
