score: 0.6511480341758843
Duration: 876.6206474304199
timestamps: [18.42944025993347, 22.609352350234985, 28.910359621047974, 37.680169105529785, 46.49491548538208, 59.52005410194397, 75.85767817497253, 94.61975502967834, 111.96316480636597, 133.5097143650055, 155.6641285419464, 180.92449355125427, 205.85386776924133, 245.7386121749878, 277.6738679409027, 333.0858521461487, 366.6268799304962, 401.79319953918457, 639.577595949173, 876.6206474304199]
nauc_scores: [0.025474655965922022, 0.038097393658057754, 0.08275966373897581, 0.370677100898015, 0.4184273106155978, 0.5595661338290077, 0.6451877829664319, 0.7240413396261083, 0.7529983753970046, 0.7733483649364246, 0.7822923786833129, 0.7976050794439384, 0.8093713900307644, 0.8231034170478684, 0.8349781622994414, 0.8468739765059623, 0.8544030404086775, 0.8576662463502629, 0.8585244662642837, 0.8585244662642837]
accuracy: [0.05022230199653642, 0.051785798766714415, 0.05789654647787172, 0.08221445437300354, 0.06658544584920355, 0.08579833994077848, 0.1055470327612916, 0.14481608996883477, 0.17517924419048372, 0.20832504857743145, 0.2371352071149827, 0.2695136354492272, 0.28512566014314333, 0.3144515190662384, 0.3463800741717685, 0.37420825366222915, 0.4034532531496069, 0.4271264569657846, 0.46480501009678016, 0.46480501009678016]
nauc_std: 0.005879227225331308
alc_var: 6.195472309504921e-06
alc_std: 0.0024890705714191636
nauc_mean: 0.8615257838406745
nauc_var: 3.456531276707687e-05
alc_mean: 0.6526515860351483
