score: 0.5519180495437511
Duration: 1013.8959608078003
timestamps: [18.187363147735596, 21.966105222702026, 31.429085731506348, 39.45752286911011, 50.776002407073975, 62.13638997077942, 76.96982669830322, 91.50280928611755, 111.06807589530945, 131.3627610206604, 156.0533480644226, 179.0442545413971, 205.98278188705444, 233.77304005622864, 264.07080245018005, 316.4944689273834, 348.44553565979004, 386.83569383621216, 424.44410395622253, 536.330451965332, 578.9120149612427, 619.6761877536774, 689.538768529892, 920.63072514534, 1013.8959608078003]
nauc_scores: [0.013010246811788084, 0.002193384648186303, -0.009365976374146046, -0.005132039132316857, 0.09027265665716921, 0.17348074455707052, 0.3541499305439313, 0.49544636258245456, 0.5259252858671615, 0.6385002104014279, 0.6908219857338005, 0.6978629522813495, 0.706339772349019, 0.7521007132774151, 0.7502548311642507, 0.7582291053297396, 0.8138145793736578, 0.8233018196382276, 0.841866701910061, 0.8562619683141688, 0.8530864001297638, 0.8568284216488948, 0.8617363436608252, 0.8600087526058005, 0.8584092210969039]
accuracy: [0.05049441352186941, 0.0497774329425948, 0.05000697398385223, 0.049804921787069516, 0.060414345099168584, 0.05714675130837996, 0.07325689250908181, 0.12193727557907354, 0.11283724868082892, 0.17725212165300225, 0.21929492956097588, 0.22633339989803394, 0.2521606231731391, 0.30069101385220315, 0.27992625216107353, 0.32823651256294717, 0.40655140664605366, 0.41677544083092477, 0.4737952706362136, 0.5324316570897019, 0.544625671526401, 0.5587992267883795, 0.5762485564301135, 0.5943712244468645, 0.600562532135519]
nauc_var: 6.670142591227897e-05
alc_mean: 0.5485110417072494
alc_std: 0.005183191842809008
nauc_mean: 0.8586873798271434
nauc_std: 0.008167094092287597
alc_var: 2.6865477679361833e-05
