score: 0.8610339338682251
Duration: 354.34298968315125
timestamps: [19.069531440734863, 21.616541385650635, 28.831695795059204, 34.9841091632843, 38.4361629486084, 42.41080617904663, 51.30074167251587, 57.78563952445984, 64.82511496543884, 71.35683226585388, 77.87976884841919, 83.54219007492065, 89.09489846229553, 94.67704391479492, 100.30545997619629, 111.42657089233398, 118.49253678321838, 127.01275610923767, 135.02521395683289, 142.98735404014587, 151.1122477054596, 159.0180103778839, 165.97581100463867, 173.91757941246033, 181.7497754096985, 189.69031357765198, 197.54709386825562, 205.0077404975891, 209.596027135849, 214.65506505966187, 219.69737005233765, 224.74108982086182, 229.72662949562073, 234.6890993118286, 239.79994082450867, 245.1116030216217, 250.4296534061432, 255.67923951148987, 260.90118050575256, 265.94692516326904, 271.1786296367645, 276.4367628097534, 281.5973174571991, 288.5557441711426, 296.57352018356323, 303.55698132514954, 310.4554023742676, 317.53450202941895, 323.1708188056946, 327.7413580417633, 332.3392744064331, 337.0241787433624, 344.69878578186035, 348.0298590660095, 351.26942563056946, 354.34298968315125]
nauc_scores: [0.7823502434180447, 0.8378866512013416, 0.8870009805603047, 0.8870009805603047, 0.8870009805603047, 0.8870009805603047, 0.9042558143843575, 0.91956705318243, 0.9268128064773913, 0.9316374807379839, 0.9417300933908903, 0.9452497066723371, 0.947203536750002, 0.9474520812951688, 0.9461310529079665, 0.9461310529079665, 0.9461310529079665, 0.9461310529079665, 0.9461310529079665, 0.9461310529079665, 0.9461310529079665, 0.9461310529079665, 0.9461310529079665, 0.9626221317963697, 0.9638537756481877, 0.9661815345347642, 0.9674285056597984, 0.9674285056597984, 0.9674285056597984, 0.9674285056597984, 0.9674285056597984, 0.9674285056597984, 0.9674285056597984, 0.9674285056597984, 0.9657304847830879, 0.9611932729185926, 0.961778834854288, 0.9631369756200505, 0.9643488519958925, 0.9624799216845372, 0.9637781904679932, 0.9648386222703416, 0.9649283705083016, 0.9649283705083016, 0.9649209471639701, 0.9649209471639701, 0.9649209471639701, 0.9649209471639701, 0.9649209471639701, 0.9649209471639701, 0.9649209471639701, 0.9649209471639701, 0.9681835568510373, 0.9681835568510373, 0.9681835568510373, 0.9681835568510373]
accuracy: [0.06747786676745275, 0.08882621939662742, 0.11857073599540707, 0.11857073599540707, 0.11857073599540707, 0.11857073599540707, 0.15912387296970149, 0.19985776185336357, 0.26496967059945925, 0.2946737091609567, 0.3653797812466501, 0.3869569435135974, 0.4093514121038168, 0.4225679034641466, 0.4275302954349696, 0.4275302954349696, 0.4275302954349696, 0.4275302954349696, 0.4275302954349696, 0.4275302954349696, 0.4275302954349696, 0.4275302954349696, 0.4275302954349696, 0.3811067255532491, 0.4065056575461347, 0.3764371774703201, 0.3967464845813995, 0.3967464845813995, 0.3967464845813995, 0.3967464845813995, 0.3967464845813995, 0.3967464845813995, 0.3967464845813995, 0.3967464845813995, 0.35179665346294753, 0.31702457698099484, 0.3178701384971443, 0.3281289414721034, 0.3371070011736785, 0.3361965478975587, 0.34733747802432524, 0.35645492791265565, 0.35773428897050014, 0.35773428897050014, 0.36503764770761965, 0.36503764770761965, 0.36503764770761965, 0.36503764770761965, 0.36503764770761965, 0.36503764770761965, 0.36503764770761965, 0.36503764770761965, 0.3855936927254983, 0.3855936927254983, 0.3855936927254983, 0.3855936927254983]
