score: 0.46287269648363316
Duration: 302.52354311943054
timestamps: [11.093252658843994, 17.472670316696167, 23.706920623779297, 30.619016885757446, 38.46658730506897, 47.8238160610199, 59.91697430610657, 80.18781924247742, 113.14499688148499, 173.8563632965088, 301.74507665634155, 302.52354311943054]
nauc_scores: [-0.007010500239737261, 0.07214251195475785, 0.18879439442069712, 0.38307902826194584, 0.49439633719666176, 0.5250599057402603, 0.619154491464837, 0.59263052998786, 0.47281926371967886, 0.5339032396192345, 0.5287929044974717, 0.5287929044974717]
accuracy: [0.2523934141235827, 0.25769580009663323, 0.26104261605300483, 0.3068294015334902, 0.38635490501518066, 0.3802060550410475, 0.4318737994413386, 0.42135019679358193, 0.3697579018925655, 0.43533197973019233, 0.4562739000146954, 0.4562739000146954]
alc_std: 0.003587642419156973
nauc_mean: 0.5295013706816539
nauc_std: 0.014332525990476849
alc_var: 1.2871178127734497e-05
alc_mean: 0.45966790933859725
nauc_var: 0.00020542130126769437
