score: 0.669160347890146
Duration: 257.43741965293884
timestamps: [20.64529585838318, 35.37899208068848, 50.5442008972168, 66.54594779014587, 85.36523985862732, 108.33725833892822, 138.91028118133545, 183.84379720687866, 257.43741965293884]
nauc_scores: [0.17015367063935183, 0.21275119927207808, 0.2826992146440426, 0.4644111788870533, 0.6968367654598746, 0.8581645853386157, 0.8872413063899813, 0.8886941503691623, 0.8807324035060382]
alc_mean: 0.6682083627397322
nauc_std: 0.020196612754089342
alc_var: 0.000139406391588122
nauc_mean: 0.880175038066454
alc_std: 0.0118070483859482
nauc_var: 0.0004079031667386443
