score: 0.2336433298193479
Duration: 964.5845808982849
timestamps: [18.14461922645569, 21.27299690246582, 30.07876753807068, 36.75499367713928, 48.25214409828186, 59.68532967567444, 73.29012203216553, 88.83389520645142, 107.934396982193, 126.69839215278625, 149.90768551826477, 169.5454716682434, 196.0541009902954, 236.34917616844177, 284.30190086364746, 316.8482370376587, 364.500994682312, 537.1745171546936, 743.624605178833, 964.5845808982849]
nauc_scores: [0.10644436571135296, 0.12752196379268121, 0.07257241057182529, 0.2556255174155444, 0.1971416145560183, 0.28707594793470514, 0.26798730698883855, 0.24818477396138694, 0.2723204872968592, 0.3003248945128363, 0.28810853833863015, 0.3059526313715084, 0.279492744199876, 0.3042391745495019, 0.27920621545914925, 0.29876704435040513, 0.33040208693165196, 0.25072334595871104, 0.19858237442124937, 0.21255304668911656]
accuracy: [0.07569319710000963, 0.08713399988236258, 0.07894032618858084, 0.09573715067814276, 0.09350804049274178, 0.1075192137216672, 0.10079576332713155, 0.11379293358931478, 0.11409112462635694, 0.12101794412370248, 0.12571157091115417, 0.11285688813056405, 0.12036260679826451, 0.12604318055990257, 0.1260787463064229, 0.12369060041356104, 0.12394925422084474, 0.13171088422929075, 0.12194424206452946, 0.12878993163493227]
nauc_mean: 0.21312950313430096
nauc_std: 0.022943449750102915
alc_std: 0.011865706934230917
alc_var: 0.00014079500104905565
alc_mean: 0.22780975792459074
nauc_var: 0.0005264018864354975
