score: 0.3121958384862607
Duration: 107.23045325279236
timestamps: [37.28653812408447, 38.614092111587524, 42.508267402648926, 48.17036509513855, 81.14558458328247, 90.64825773239136, 102.98140048980713, 106.56934905052185, 107.23045325279236]
nauc_scores: [0.1327273175410808, 0.1952855445732513, 0.2881670686374618, 0.37008213707386983, 0.3738123077815845, 0.3782357189626657, 0.37685528267920065, 0.37721524577818877, 0.3779855786228541]
accuracy: [0.39580314982458137, 0.39431422765096263, 0.4239749873926722, 0.44014082689881456, 0.43641716225446764, 0.44486731583226297, 0.4438934924897615, 0.4470545703713901, 0.44331787151478436]
nauc_std: 0.027694992586238844
alc_var: 0.0007042235534642447
alc_mean: 0.32646244405675634
alc_std: 0.026537210732559
nauc_var: 0.0007670126143518246
nauc_mean: 0.38661943702038337
