score: 0.6298204713931919
Duration: 172.7711386680603
timestamps: [70.21077275276184, 92.61376714706421, 112.73253297805786, 132.75096535682678, 152.6109058856964, 172.7711386680603]
nauc_scores: [0.24488589525480298, 0.8285023564866785, 0.8775288020074128, 0.8933747477434566, 0.8947915679841629, 0.8947915679841629]
accuracy: [0.11455920421046314, 0.36430927859878365, 0.4845430091020863, 0.49765821459705795, 0.5906323100740639, 0.5906323100740639]
alc_mean: 0.6300707717587841
alc_std: 0.0010145159700226116
nauc_std: 0.0012558810697960773
nauc_mean: 0.8950470489369314
alc_var: 1.0292426534309207e-06
nauc_var: 1.5772372614721396e-06
