score: 0.4121414983531427
Duration: 202.7609601020813
timestamps: [40.35952425003052, 47.99870324134827, 55.672338008880615, 63.627683877944946, 71.94537305831909, 80.14052414894104, 88.87814521789551, 98.77893447875977, 110.7227463722229, 127.97409272193909, 151.55296206474304, 195.87315011024475, 202.7609601020813]
nauc_scores: [-0.050222652806998336, -0.04654847259363315, -0.03174086814860333, -0.023732722347152735, -0.025889589784333755, -0.0004964508308885618, 0.22516191551940112, 0.35977487151309995, 0.43278561014536043, 0.5133651802274, 0.5818939867751469, 0.6356244483991076, 0.6356244483991076]
alc_std: 0.0033199404951040575
alc_var: 1.1022004891031774e-05
nauc_std: 0.004069686460976358
nauc_mean: 0.6358933856701654
alc_mean: 0.4117323927469215
nauc_var: 1.6562347890654278e-05
