score: 0.8722425158940383
Duration: 472.2622697353363
timestamps: [16.474990606307983, 20.080843687057495, 26.72648024559021, 34.87133479118347, 51.16837477684021, 73.36782097816467, 101.61418461799622, 150.6571009159088, 218.4978425502777, 274.48858761787415, 472.2622697353363]
nauc_scores: [0.6877299937169088, 0.8105159422126818, 0.8281800884164576, 0.8771232809701341, 0.9178920027020474, 0.9465731699979067, 0.9501186044269025, 0.9598749427154392, 0.9591216776866915, 0.9756786807822606, 0.984304322006988]
accuracy: [0.6158108955385753, 0.6885140191620963, 0.7310903963867816, 0.756490455010037, 0.784242300408618, 0.8124809300159903, 0.8343280836909492, 0.8592500658323349, 0.815084185167765, 0.8976555750480616, 0.9355835501390096]
alc_var: 2.4145501220446266e-06
nauc_std: 0.0008007731322267056
alc_mean: 0.8727154914431436
alc_std: 0.0015538822741908817
nauc_var: 6.412376092961689e-07
nauc_mean: 0.9845503547904926
