score: 0.481267426046975
Duration: 1198.2831506729126
timestamps: [5.800238609313965, 12.791768550872803, 29.56474471092224, 48.91702175140381, 57.605448722839355, 70.81393027305603, 83.42850232124329, 96.42757368087769, 114.24943375587463, 133.51986479759216, 144.88697481155396, 158.5708372592926, 170.43197298049927, 183.19762778282166, 199.27072143554688, 216.7651252746582, 234.75331091880798, 257.93262696266174, 287.2734923362732, 306.97749185562134, 325.4048681259155, 336.31890535354614, 347.7793724536896, 363.5325994491577, 409.00441455841064, 426.1823983192444, 444.77878522872925, 488.5357575416565, 542.2572762966156, 560.5714361667633, 604.7739367485046, 646.2061607837677, 670.6234004497528, 704.5249872207642, 738.0039274692535, 769.282618522644, 788.5512382984161, 809.776121377945, 842.7511715888977, 876.3233709335327, 906.5092241764069, 940.8351140022278, 966.4855577945709, 983.575932264328, 1001.6082091331482, 1033.268360376358, 1050.9498431682587, 1091.1553146839142, 1119.1279730796814, 1156.1185195446014, 1175.050312757492, 1198.2831506729126]
nauc_scores: [0.2910874283023763, 0.3207611303021156, 0.38908411916336805, 0.38908411916336805, 0.38908411916336805, 0.4744256872257422, 0.4744256872257422, 0.531494789880919, 0.5484775275091098, 0.5581599543361802, 0.548903653413874, 0.5566997707609249, 0.5505973329856, 0.5642077010432114, 0.5593576988041469, 0.5352689870840539, 0.5352689870840539, 0.5352689870840539, 0.5542505756279315, 0.5542505756279315, 0.5542505756279315, 0.5744224931214135, 0.5514935764427142, 0.5517338641308318, 0.5517338641308318, 0.5517338641308318, 0.5517338641308318, 0.5517338641308318, 0.5517338641308318, 0.5517338641308318, 0.5517338641308318, 0.5517338641308318, 0.5475451023705191, 0.5412892081004694, 0.5412892081004694, 0.5284594782394927, 0.5284594782394927, 0.5284594782394927, 0.5284594782394927, 0.5284594782394927, 0.5284594782394927, 0.5284594782394927, 0.5284594782394927, 0.5284594782394927, 0.5284594782394927, 0.5284594782394927, 0.5284594782394927, 0.5284594782394927, 0.5457962081400285, 0.5282792517810702, 0.5233226925820058, 0.5120442713866731]
accuracy: [0.27691130547418724, 0.2769097048275476, 0.28366024516967697, 0.28366024516967697, 0.28366024516967697, 0.27848150027810503, 0.27848150027810503, 0.28813946811861496, 0.282029896880898, 0.2864266975723174, 0.28191980420250196, 0.28622946224425494, 0.29209861582000995, 0.3021083592583461, 0.3133994410090125, 0.3119363274486441, 0.3119363274486441, 0.3119363274486441, 0.3105838710108257, 0.3105838710108257, 0.3105838710108257, 0.31147877683437186, 0.30800660780727784, 0.306473848466534, 0.306473848466534, 0.306473848466534, 0.306473848466534, 0.306473848466534, 0.306473848466534, 0.306473848466534, 0.306473848466534, 0.306473848466534, 0.3051330127656659, 0.29775061904178063, 0.29775061904178063, 0.28845288158186067, 0.28845288158186067, 0.28845288158186067, 0.28845288158186067, 0.28845288158186067, 0.28845288158186067, 0.28845288158186067, 0.28845288158186067, 0.28845288158186067, 0.28845288158186067, 0.28845288158186067, 0.28845288158186067, 0.28845288158186067, 0.2899615073828894, 0.2778791098029136, 0.28206091920808385, 0.28051107280952914]
nauc_std: 0.03272614988857858
nauc_var: 0.0010710008865297117
alc_mean: 0.4606287578841764
alc_var: 0.00015043614583166607
alc_std: 0.012265241368667234
nauc_mean: 0.5044875495513285
