score: 0.9310930130721882
Duration: 39.914855003356934
timestamps: [13.389684915542603, 17.119039297103882, 24.084385633468628, 33.19460201263428, 39.914855003356934]
nauc_scores: [0.9713393465218758, 0.9932052355447152, 0.9965513873993537, 0.9972993046559457, 0.9977119905053804]
accuracy: [0.8669728161425612, 0.9279331968035682, 0.9397578156014725, 0.9593435308677094, 0.9424577186131092]
alc_mean: 0.931093564622454
alc_std: 0.00011705088437876111
nauc_var: 1.219527726610399e-08
alc_var: 1.3700909533850102e-08
nauc_mean: 0.9977000004907068
nauc_std: 0.00011043222929065585
