score: 0.6346121338758359
Duration: 155.72656393051147
timestamps: [13.14779019355774, 13.823185920715332, 14.14069390296936, 18.643441438674927, 23.250670194625854, 25.849904775619507, 28.56281566619873, 31.645998001098633, 33.84323740005493, 36.03851556777954, 38.54382395744324, 40.78842115402222, 43.05884861946106, 45.302292585372925, 47.435712575912476, 53.31968951225281, 55.542973279953, 59.12570762634277, 62.193523645401, 64.40037178993225, 66.61518287658691, 68.82458758354187, 73.21302080154419, 75.23476934432983, 77.2595465183258, 79.29002213478088, 81.31750655174255, 83.39147400856018, 85.41642928123474, 87.41389155387878, 89.42373633384705, 91.39518189430237, 93.38171863555908, 95.45607304573059, 97.47746992111206, 99.4355399608612, 101.42729258537292, 103.06597924232483, 105.0977623462677, 106.66586804389954, 108.19754195213318, 109.70629739761353, 111.16972875595093, 114.15882420539856, 116.38735270500183, 119.38795328140259, 122.3972635269165, 125.40604019165039, 127.65762495994568, 130.65585851669312, 132.96807312965393, 136.015531539917, 138.33561205863953, 141.35281038284302, 143.62556648254395, 145.9152491092682, 148.18396139144897, 153.23065996170044, 154.47849488258362, 155.72656393051147]
nauc_scores: [0.5639057981678897, 0.6016842541118912, 0.607280731457049, 0.607280731457049, 0.6325630151098629, 0.6430175700514635, 0.6597465229527733, 0.6771044560539328, 0.6727770049734112, 0.631420056262866, 0.6454021818554658, 0.64985638898807, 0.6570736739465424, 0.6635856633751875, 0.668916709762921, 0.668916709762921, 0.668916709762921, 0.668916709762921, 0.668916709762921, 0.668916709762921, 0.668916709762921, 0.668916709762921, 0.668916709762921, 0.668916709762921, 0.668916709762921, 0.668916709762921, 0.6728830448739558, 0.6735258662715011, 0.6764870552906952, 0.6827404082073714, 0.6818068130530677, 0.6841973333619848, 0.6793323441823496, 0.6723955373083363, 0.6785200150883988, 0.6819278111532701, 0.6824834599482266, 0.6824834599482266, 0.6704012624792566, 0.6704012624792566, 0.6704012624792566, 0.6704012624792566, 0.6704012624792566, 0.6704012624792566, 0.6704012624792566, 0.6704012624792566, 0.6704012624792566, 0.6704012624792566, 0.6704012624792566, 0.6704012624792566, 0.6704012624792566, 0.6704012624792566, 0.6704012624792566, 0.6704012624792566, 0.6704012624792566, 0.6704012624792566, 0.6704012624792566, 0.6907563456433503, 0.6907563456433503, 0.6907563456433503]
accuracy: [0.17128219140669723, 0.18123708342627254, 0.1845553891492227, 0.1845553891492227, 0.17952932118402362, 0.18376116058755945, 0.19769378301534865, 0.21289623436906815, 0.2280722157935363, 0.24687619937130634, 0.26505600047932715, 0.27936514121662503, 0.2906904534053766, 0.2940733230279629, 0.29573758691876617, 0.29573758691876617, 0.29573758691876617, 0.29573758691876617, 0.29573758691876617, 0.29573758691876617, 0.29573758691876617, 0.29573758691876617, 0.29573758691876617, 0.29573758691876617, 0.29573758691876617, 0.29573758691876617, 0.28825406190849756, 0.2801526090628797, 0.28262599929114235, 0.2910052875361726, 0.29372337854640135, 0.29952398182428247, 0.29662308156577494, 0.29527785472676477, 0.299984959751928, 0.3033865223983327, 0.30537061136974697, 0.30537061136974697, 0.30575904942127824, 0.30575904942127824, 0.30575904942127824, 0.30575904942127824, 0.30575904942127824, 0.30575904942127824, 0.30575904942127824, 0.30575904942127824, 0.30575904942127824, 0.30575904942127824, 0.30575904942127824, 0.30575904942127824, 0.30575904942127824, 0.30575904942127824, 0.30575904942127824, 0.30575904942127824, 0.30575904942127824, 0.30575904942127824, 0.30575904942127824, 0.30402150413358076, 0.30402150413358076, 0.30402150413358076]
