score: 0.9213851322042875
Duration: 50.80594325065613
timestamps: [15.031296968460083, 17.627883434295654, 21.45104670524597, 24.633865118026733, 27.921429872512817, 31.925134658813477, 38.5018208026886, 47.1020085811615, 50.80594325065613]
nauc_scores: [0.9073141470535144, 0.9528287847158647, 0.9712888262047981, 0.969416494601518, 0.9730036479767306, 0.9831527469939483, 0.9925737302842597, 0.997546632847049, 0.9979328373392233]
accuracy: [0.7720805620227973, 0.8489855930711651, 0.7997619185423107, 0.825027012896373, 0.801915760890973, 0.8296287344126, 0.8954129003728134, 0.940005647933228, 0.9433065116647887]
alc_var: 2.3279960362090593e-09
alc_mean: 0.921432676162255
nauc_std: 9.057146482107212e-05
nauc_var: 8.203190239834706e-09
alc_std: 4.8249311251136625e-05
nauc_mean: 0.9978759919265681
