score: 0.16772122064576264
Duration: 1060.221097946167
timestamps: [232.43759036064148, 281.9017951488495, 337.69379234313965, 499.5446050167084, 1060.221097946167]
nauc_scores: [0.00042150718591438263, 0.26515801628924307, 0.396300952301722, 0.4185312551736309, 0.3796718865570907]
accuracy: [0.032285783968984155, 0.051057790468865376, 0.0636433466029687, 0.06996412304564625, 0.0636562460647661]
nauc_var: 6.883789886258894e-07
alc_var: 1.2049372540086933e-07
alc_std: 0.0003471220612419633
alc_mean: 0.16778335916385015
nauc_mean: 0.3801945832355769
nauc_std: 0.0008296860783609
