score: -0.0005072584083009782
Duration: 312.24912095069885
timestamps: [81.4571602344513, 97.12707805633545, 112.22794222831726, 125.44405031204224, 139.65605807304382, 151.6837034225464, 164.27778959274292, 176.71889114379883, 189.92387914657593, 204.9148862361908, 220.59597039222717, 239.12990069389343, 263.44591212272644, 300.48901104927063, 312.24912095069885]
nauc_scores: [-0.0010242321712958802, -0.0052614177237032544, -0.0016141224761970774, -0.004130706752172086, -0.003458440067340973, 0.0011291600251193135, 0.007250231553290076, -5.5977330496004285e-05, 0.004616978572331121, 0.004680231640415977, 0.0038063203702161097, -2.2080959358738994e-06, 0.0013709220266808764, -0.0013481360958765842, -0.0013677264734749395]
accuracy: [0.05729477537502406, 0.05411311008360052, 0.05040859077180664, 0.026869981775174107, 0.03070034923768411, 0.048809451700768273, 0.06207442004150651, 0.06370811848132693, 0.07230666365992955, 0.07996285511933503, 0.08016150113382116, 0.07211124450519273, 0.07634365451073165, 0.07814822310949875, 0.07814781932669847]
nauc_var: 2.0779321231954636e-06
alc_var: 7.562466458864674e-08
nauc_mean: -0.001350522037735935
alc_std: 0.0002749993901604997
alc_mean: -0.0005803599335617646
nauc_std: 0.001441503424621483
