score: 0.9820873788847705
Duration: 19.284953117370605
timestamps: [2.244985818862915, 3.036125659942627, 4.955244302749634, 5.877053260803223, 6.672326564788818, 8.241638898849487, 11.884869575500488, 18.038736581802368, 19.284953117370605]
nauc_scores: [0.9324247822900933, 0.9238165812966606, 0.9468216340213527, 0.9684821146926097, 0.9682398074031411, 0.9894170037325871, 0.9908696511648731, 0.9955742852913665, 0.9958685969858763]
accuracy: [0.5467386536395197, 0.7494422826994002, 0.6238813351353935, 0.6752129147319124, 0.6455825507027052, 0.670072400656745, 0.6848033266159124, 0.7226074471810909, 0.7538760380833809]
nauc_std: 0.0004004711153636053
alc_var: 2.884448013764021e-07
nauc_var: 1.6037711424057006e-07
nauc_mean: 0.9959200682695858
alc_mean: 0.981935052686244
alc_std: 0.0005370705739252544
