score: 0.8716426378777092
Duration: 16.657647848129272
timestamps: [6.61004900932312, 8.152660846710205, 9.648585557937622, 11.350700855255127, 13.303425550460815, 15.647136449813843, 16.657647848129272]
nauc_scores: [0.20078670961875988, 0.5461783584990263, 0.7331964418898191, 0.8222404148550209, 0.8764066972244227, 0.913611132611089, 0.913611132611089]
accuracy: [0.23115140249980975, 0.30012562169795853, 0.3769517639377133, 0.4434150094436633, 0.5363920689743225, 0.6000628440898438, 0.6000628440898438]
nauc_mean: 0.9130142503539787
alc_mean: 0.8737139437319836
alc_var: 3.1446442762796916e-06
nauc_std: 0.002383497261895073
alc_std: 0.0017733144888258518
nauc_var: 5.681059197461309e-06
