score: 0.9350027791599052
Duration: 35.303794145584106
timestamps: [12.508413553237915, 15.271987676620483, 19.258119583129883, 25.957470178604126, 35.303794145584106]
nauc_scores: [0.9383282236509096, 0.9908344630577115, 0.995327874789347, 0.9978322889696862, 0.9980072864625067]
accuracy: [0.3077514086821312, 0.7843110785393022, 0.9041695613269811, 0.9406778040481505, 0.961767211649415]
nauc_std: 0.0001070561554620837
alc_mean: 0.9349841183472949
nauc_mean: 0.9980165359575232
alc_var: 5.256299928020256e-09
alc_std: 7.25003443303565e-05
nauc_var: 1.1461020422321834e-08
