score: 0.9535745186146862
Duration: 160.205162525177
timestamps: [3.349871873855591, 11.103792190551758, 18.369342803955078, 20.22175669670105, 22.149957418441772, 27.06864047050476, 32.85791063308716, 37.02299213409424, 38.5234534740448, 39.93514823913574, 43.19604825973511, 47.67785716056824, 58.77769446372986, 61.45099067687988, 64.09590148925781, 68.40393209457397, 74.08572840690613, 77.97024703025818, 80.1136999130249, 82.11117053031921, 86.8612048625946, 92.93513679504395, 97.39396381378174, 99.79740500450134, 102.37922811508179, 106.24736189842224, 110.131844997406, 115.50144577026367, 118.59386897087097, 119.97892761230469, 121.31365609169006, 124.18495631217957, 128.4109218120575, 132.35782074928284, 134.5859932899475, 136.7873923778534, 140.65204787254333, 146.0782561302185, 149.22437620162964, 150.69490885734558, 152.13431191444397, 155.23047995567322, 160.205162525177]
nauc_scores: [0.8773009241801901, 0.9443664236205669, 0.9679192357078186, 0.9677203120397151, 0.9677203120397151, 0.9677203120397151, 0.9684152459006137, 0.9699609273789505, 0.9676509352057139, 0.9676509352057139, 0.9676509352057139, 0.9726855700656196, 0.9726855700656196, 0.9726855700656196, 0.9726855700656196, 0.9726855700656196, 0.9765894612030526, 0.9765894612030526, 0.9765894612030526, 0.9765894612030526, 0.9765894612030526, 0.977036830501363, 0.977036830501363, 0.977036830501363, 0.977036830501363, 0.977036830501363, 0.977036830501363, 0.9772144822509901, 0.9772144822509901, 0.9772144822509901, 0.9772144822509901, 0.9772144822509901, 0.9770797210007038, 0.9770797210007038, 0.9770797210007038, 0.9770797210007038, 0.9770797210007038, 0.9771711776863314, 0.9771711776863314, 0.9771711776863314, 0.9771711776863314, 0.9771711776863314, 0.9771678648676054]
accuracy: [0.5846411201484398, 0.742671854729613, 0.8661784250841983, 0.8662928324550963, 0.8662928324550963, 0.8662928324550963, 0.8577643914730848, 0.8674716139687502, 0.8741749144738036, 0.8741749144738036, 0.8741749144738036, 0.8671966825870879, 0.8671966825870879, 0.8671966825870879, 0.8671966825870879, 0.8671966825870879, 0.8693813145823936, 0.8693813145823936, 0.8693813145823936, 0.8693813145823936, 0.8693813145823936, 0.8728260336362438, 0.8728260336362438, 0.8728260336362438, 0.8728260336362438, 0.8728260336362438, 0.8728260336362438, 0.8743854746199279, 0.8743854746199279, 0.8743854746199279, 0.8743854746199279, 0.8743854746199279, 0.8755348978552411, 0.8755348978552411, 0.8755348978552411, 0.8755348978552411, 0.8755348978552411, 0.8737091190481202, 0.8737091190481202, 0.8737091190481202, 0.8737091190481202, 0.8737091190481202, 0.8735523125366212]
alc_var: 3.4465391559271466e-07
alc_mean: 0.9536713614495238
nauc_std: 0.0005100224178185416
nauc_mean: 0.9767819774410963
alc_std: 0.0005870723256914046
nauc_var: 2.601228666774711e-07
