score: -0.006670763788197018
Duration: 271.70987701416016
timestamps: [80.47181367874146, 109.26792693138123, 138.0016541481018, 168.83859372138977, 203.3308708667755, 245.07408475875854, 271.70987701416016]
nauc_scores: [-0.02956938902044859, -0.01965376201402902, -0.023970512107535646, -0.003855536348403965, 0.003840432292762319, -0.00830531305491966, -0.005674190507710342]
accuracy: [0.01820581984202179, 0.018214792532509107, 0.01822696667602191, 0.018268691189108118, 0.018483262871148546, 0.019940512056546886, 0.019920703974667317]
nauc_std: 0.007149494182956203
nauc_var: 5.111526707212459e-05
alc_var: 1.7613310133012034e-05
alc_mean: -0.00929463752160995
nauc_mean: -0.004993854735580494
alc_std: 0.004196821432109309
