score: 0.8354354174255914
Duration: 151.8214373588562
timestamps: [9.188375473022461, 15.430447340011597, 21.879074811935425, 28.693593740463257, 36.18093824386597, 44.99299883842468, 56.37577724456787, 73.69951915740967, 101.6002950668335, 150.98249912261963, 151.8214373588562]
nauc_scores: [0.05091787041874185, 0.19715014456155155, 0.4415906560458791, 0.6167102886259985, 0.6902257108125354, 0.9177673077941773, 0.9435250467198066, 0.9532182601904466, 0.9620673499256025, 0.9594035343284382, 0.9594035343284382]
accuracy: [0.05003401029251796, 0.05031371622186423, 0.0537197099030417, 0.06435815966288341, 0.0977103845063828, 0.4641845956819478, 0.6239120961511512, 0.6903547999874963, 0.7349545916580053, 0.7287392326078899, 0.7287392326078899]
alc_var: 9.368678750794872e-06
nauc_mean: 0.9589940046955746
alc_std: 0.0030608297487437737
nauc_std: 0.002882558575011563
alc_mean: 0.8356983703169281
nauc_var: 8.309143938372692e-06
