score: 0.597990343918277
Duration: 753.7526817321777
timestamps: [27.61013150215149, 49.17483973503113, 70.9714937210083, 93.2841145992279, 117.31538438796997, 142.6459460258484, 171.94497537612915, 209.26109671592712, 261.2176127433777, 344.36648774147034, 484.03850507736206, 753.7526817321777]
nauc_scores: [0.2614388265266516, 0.3189286059576175, 0.39458896468155524, 0.4584497975197033, 0.5624100202967934, 0.659066376745358, 0.7335059525683922, 0.7772795161871475, 0.823554422715655, 0.8462148120505537, 0.8606297534660763, 0.8653204364331792]
accuracy: [0.5018344254738104, 0.500954485106117, 0.5121136930404319, 0.581176224055038, 0.6157372547692703, 0.6615079728699221, 0.6875049405585894, 0.7138317072023473, 0.7222719054680455, 0.7350596433511226, 0.752145038060779, 0.7651158685355431]
alc_var: 3.900216013688024e-05
nauc_var: 2.9627626521949327e-05
alc_mean: 0.5974703023912321
alc_std: 0.0062451709453689285
nauc_mean: 0.8671398871503726
nauc_std: 0.005443126539218919
