score: 0.4014989138936901
Duration: 664.679220199585
timestamps: [33.70514440536499, 43.255818128585815, 60.366830348968506, 76.50420761108398, 101.73013234138489, 114.79828786849976, 142.02172589302063, 166.97480416297913, 193.97422075271606, 415.9097526073456, 664.679220199585]
nauc_scores: [0.1794311473088268, 0.3652685262851705, 0.4290471121057775, 0.4964210236033315, 0.5116573426137343, 0.49816906703158703, 0.5596847016941691, 0.3963219959121318, 0.5188163981562239, 0.4769914908506765, 0.4751249708148275]
alc_std: 0.009793337677788961
alc_var: 9.590946287120089e-05
nauc_std: 0.029399888569731993
nauc_var: 0.0008643534479126578
alc_mean: 0.4007482668343611
nauc_mean: 0.459525837866584
