score: 0.2274955275375622
Duration: 903.2238342761993
timestamps: [20.410563945770264, 35.48443865776062, 50.68396735191345, 66.2378602027893, 82.29881691932678, 99.96561312675476, 120.72162795066833, 146.6965308189392, 183.37504696846008, 242.59772634506226, 345.90419816970825, 536.6955125331879, 903.2238342761993]
nauc_scores: [0.020545586979530794, 0.021244900521986354, 0.02373055419034542, 0.03277547653833146, 0.05647818862950693, 0.10583154504665626, 0.1898471817239411, 0.24464864719772916, 0.28523062292203427, 0.32983292228187944, 0.36409021827755295, 0.3890497677679441, 0.40335570124098563]
accuracy: [0.05042911093097221, 0.0504297661675576, 0.0504395235311288, 0.050529102360667696, 0.05104165589079365, 0.052069021960420805, 0.0555066505060591, 0.05864227968776033, 0.06328267110699094, 0.06810750763932463, 0.07416182299249209, 0.08087066424718702, 0.08746014966294512]
nauc_var: 3.99485771518555e-05
alc_var: 5.7696932254487065e-05
alc_std: 0.0075958496729784655
nauc_mean: 0.40420142347948546
nauc_std: 0.006320488679829709
alc_mean: 0.22994278266650908
