score: 0.5927997979630405
Duration: 45.662999391555786
timestamps: [16.56340003013611, 18.66758894920349, 20.847728490829468, 22.9268479347229, 25.185903310775757, 27.308615922927856, 29.699201345443726, 32.148977279663086, 35.19578838348389, 38.943848848342896, 44.73812294006348, 45.662999391555786]
nauc_scores: [-0.3761494683544304, -0.3612492151898734, -0.3851046075949367, -0.5535570632911393, -0.600523746835443, -0.46074734177215193, -0.3462882025316456, -0.21106187341772153, 0.5001996962025317, 0.6739641518987343, 0.737826835443038, 0.737826835443038]
accuracy: [0.9851193920788164, 0.9851184675327725, 0.984122761838236, 0.9718030225372204, 0.9713595077505641, 0.9829471935414684, 0.9862397225237941, 0.9815025776833172, 0.9788341492494943, 0.9762777096832824, 0.9788006070264013, 0.9788006070264013]
alc_mean: 0.5921964761442207
alc_var: 0.0007620824763544064
nauc_var: 0.001379951707479634
alc_std: 0.027605841344802488
nauc_std: 0.037147701240852496
nauc_mean: 0.7324973127287552
