score: -0.02671096283864571
Duration: 60.19642758369446
timestamps: [19.432560443878174, 24.009132623672485, 28.584136724472046, 33.54896330833435, 39.30316925048828, 46.567368507385254, 57.18143153190613, 60.19642758369446]
nauc_scores: [-0.02161223411593638, -0.01279591013026804, 0.022487611506939453, -0.004317423641741147, 0.001599168560936448, -0.013699465200684657, -0.013390922728658272, -0.03356692123104954]
accuracy: [0.009997164115461418, 0.010003291126013824, 0.010001202229724808, 0.010002367572067359, 0.010033840159769316, 0.01001814119099488, 0.010038539779137691, 0.010086785316308881]
nauc_mean: -0.03564840777392643
nauc_var: 0.0002456285753248673
nauc_std: 0.01567254208240856
alc_var: 9.133801037098216e-05
alc_std: 0.009557092150386652
alc_mean: -0.0316241942598333
