score: 0.7780628646926704
Duration: 152.51320719718933
timestamps: [15.227526187896729, 16.85851788520813, 20.712717056274414, 26.873905181884766, 34.84544086456299, 44.49839210510254, 68.29113721847534, 80.43722629547119, 95.38479948043823, 150.60444712638855, 152.51320719718933]
nauc_scores: [0.30491276838785675, 0.5011088567951667, 0.7060158315136547, 0.7915292263626419, 0.8544389486309578, 0.8612287367205516, 0.8590766822883602, 0.8581370674026583, 0.8578616732399824, 0.8549922246147428, 0.8561279872624012]
alc_var: 7.457482584854288e-05
alc_std: 0.008635671708011073
alc_mean: 0.7806995288733963
nauc_var: 0.00011864334749722751
nauc_std: 0.010892352707162375
nauc_mean: 0.8520333262047576
