score: 0.6517297305925999
Duration: 132.25394797325134
timestamps: [82.73325085639954, 84.6531310081482, 92.85331869125366, 129.89807891845703, 132.25394797325134]
nauc_scores: [0.8469659346293235, 0.8987730840762163, 0.9135487216304661, 0.9122127444131083, 0.9115905044921335]
accuracy: [0.3078480173726691, 0.5203277364570308, 0.6438094587483438, 0.6526355026561104, 0.5562978335788689]
nauc_mean: 0.9137566455097851
nauc_std: 0.006690492746501086
alc_mean: 0.6494510723233569
alc_std: 0.006598056673885628
alc_var: 4.3534351871806676e-05
nauc_var: 4.476269319098365e-05
