score: 0.8924434241643464
Duration: 8.299705028533936
timestamps: [4.346667289733887, 4.903566598892212, 5.7126994132995605, 8.299705028533936]
nauc_scores: [0.7480279975020823, 0.8588598186195788, 0.9058393847191575, 0.9142486270554506]
nauc_mean: 0.9166234464261434
alc_mean: 0.910090626729645
alc_std: 0.01584834632683253
nauc_var: 0.0003412659986757318
alc_var: 0.0002511700812952261
nauc_std: 0.01847338622656203
