score: 0.9447947698135399
Duration: 1176.2573223114014
timestamps: [0.2601194381713867, 0.5954253673553467, 1.1828944683074951, 1.8014278411865234, 3.535001277923584, 4.9321794509887695, 7.8808393478393555, 10.28433609008789, 13.013004064559937, 15.581918001174927, 18.331639528274536, 36.04596400260925, 47.64576745033264, 60.00570893287659, 72.90457773208618, 85.9620361328125, 100.1251745223999, 116.0154333114624, 133.21373009681702, 148.92491221427917, 165.33286428451538, 183.3513240814209, 202.0198676586151, 221.08300471305847, 241.42274808883667, 262.51886653900146, 286.0807592868805, 309.3052089214325, 332.9113447666168, 359.7075867652893, 384.8953266143799, 410.78033781051636, 439.4760539531708, 473.1567783355713, 504.19226932525635, 532.863187789917, 564.0612444877625, 599.9177331924438, 638.932315826416, 672.8458762168884, 709.8354787826538, 745.3724534511566, 779.9535865783691, 815.0061135292053, 850.8849556446075, 892.4074070453644, 930.0893440246582, 972.557374715805, 1011.3015992641449, 1052.0039002895355, 1093.3842759132385, 1134.9521069526672, 1176.2573223114014]
nauc_scores: [0.3201104488433575, 0.60421822197921, 0.7106505361980116, 0.7328408153799266, 0.7469810859497055, 0.7578187658416198, 0.8265287165587694, 0.8535340535171918, 0.8707709245413167, 0.8820303670357699, 0.8909928683618162, 0.9202440008956834, 0.931932630811886, 0.9404681125825971, 0.9475130245399594, 0.9529272740750714, 0.957412856477837, 0.96106463886771, 0.9639311017458607, 0.9661572411337569, 0.9680064476962795, 0.9695823200746769, 0.9708302395865289, 0.9718947591952887, 0.9727729854096381, 0.9734976549404113, 0.9740720160362941, 0.9746539170825357, 0.975060677269374, 0.9754427619972563, 0.9757710544803657, 0.9760901571294038, 0.9763664271502925, 0.9766285842598053, 0.9768598052034032, 0.9770494802918797, 0.9772393737945457, 0.977413535252198, 0.9775614549689948, 0.9776726025412632, 0.9777703151683277, 0.9778951117538626, 0.977998057736515, 0.9780620568680001, 0.9781323053268167, 0.9781948907089624, 0.9782773404464269, 0.9783544912563684, 0.9784397905951436, 0.9785204859868926, 0.9786091747415782, 0.9786857584301398, 0.9787324175800058]
accuracy: [0.05074019233997763, 0.23796277199563176, 0.06449225399915516, 0.0769692914231854, 0.08844017925541435, 0.09922433358967402, 0.07194537415768651, 0.093355451647469, 0.1142841095623374, 0.13458550851184206, 0.15443085985382393, 0.17254419476393112, 0.22776381959782316, 0.2779291067348671, 0.3236769418569551, 0.3645176926104949, 0.40103203735356463, 0.43356664321948785, 0.4626006842561877, 0.4886521320636646, 0.5119823636105376, 0.5331197943192926, 0.5523045088404448, 0.5696579051697299, 0.5854671985891013, 0.5999176761920929, 0.6131302070761446, 0.6252479050518551, 0.6363562720151617, 0.646517342855625, 0.6559650283381697, 0.6647161981175744, 0.6728778002404655, 0.6805517110339594, 0.6877139885331317, 0.694488162030623, 0.7006856362360583, 0.7064926150017488, 0.7119138586294551, 0.7171053352981861, 0.7219457394444301, 0.7264917417849511, 0.7307004276386063, 0.7346971197383209, 0.7385018983395413, 0.7419967204985611, 0.7454319151839794, 0.7486255613722305, 0.7516682474543553, 0.7545692778236471, 0.7573882166081166, 0.7600287661786621, 0.7626253461701876]
alc_std: 0.0010162504038109842
alc_mean: 0.9445662248168707
alc_var: 1.0327648832459884e-06
nauc_std: 0.001461140235977315
nauc_mean: 0.9784651359387094
nauc_var: 2.134930789191844e-06
