score: 0.7210801716811689
Duration: 48.15538239479065
timestamps: [16.090732097625732, 19.304609775543213, 25.310971975326538, 34.929447412490845, 43.31850457191467, 46.54330039024353, 48.15538239479065]
nauc_scores: [0.5620886678106645, 0.6579202926912391, 0.7375479864442038, 0.7346014712218898, 0.7742437184407729, 0.7270059953379209, 0.7935263202678853]
accuracy: [0.49720239618212875, 0.5851430255661922, 0.6490355387585391, 0.6694114067130443, 0.6874154428850141, 0.6884811024352331, 0.7038596496135064]
alc_var: 0.00013266948830864311
nauc_mean: 0.791803091253006
alc_std: 0.011518224182079593
alc_mean: 0.7271686967457093
nauc_var: 0.00017563731645986306
nauc_std: 0.01325282296191506
