score: 0.9866798873107527
Duration: 19.42283272743225
timestamps: [2.015862464904785, 3.813858985900879, 8.096622467041016, 14.234846115112305, 19.42283272743225]
nauc_scores: [0.9755621246716621, 0.9672022425173714, 0.9952277241830707, 0.9977635028433134, 0.998510934233628]
accuracy: [0.6942759426803101, 0.7622745721666576, 0.8774517292688623, 0.9132283631127027, 0.9392268092989187]
alc_mean: 0.9865501755759928
nauc_var: 4.0548545192688466e-08
alc_var: 9.017512869127338e-08
alc_std: 0.00030029173929909124
nauc_std: 0.0002013666933549053
nauc_mean: 0.9983273671553883
