score: 0.81341312881917
Duration: 1015.7668361663818
timestamps: [9.25752305984497, 12.117258787155151, 19.08448314666748, 27.73167061805725, 37.68674111366272, 50.102604150772095, 63.77528429031372, 79.14308953285217, 98.95304703712463, 118.70323371887207, 139.4836630821228, 164.5141875743866, 190.02137279510498, 226.85623407363892, 426.01621985435486, 520.1960294246674, 554.2307999134064, 1015.7668361663818]
nauc_scores: [0.1281044641513085, 0.3470049271358515, 0.603948174702186, 0.7482151935471149, 0.7866813460925379, 0.8236120823732931, 0.8468416538336223, 0.8490682125655167, 0.8854069428185527, 0.8927790511076874, 0.884203484775163, 0.9092625525936728, 0.9101630418834854, 0.9191834321991754, 0.9232145050587091, 0.9192654966747662, 0.9220679541695018, 0.9289362280456805]
nauc_std: 0.001661276271286273
nauc_mean: 0.9278376483564206
alc_mean: 0.8138710880184125
alc_var: 1.2731513776470631e-06
alc_std: 0.0011283400983954541
nauc_var: 2.7598388495388223e-06
