score: 0.9152416993546457
Duration: 59.281588554382324
timestamps: [10.935264825820923, 25.8090398311615, 28.316739797592163, 30.932114839553833, 33.402772188186646, 36.000014543533325, 38.506810903549194, 41.12714982032776, 43.62084341049194, 46.24717926979065, 48.78217172622681, 51.376723289489746, 59.281588554382324]
nauc_scores: [0.9259938590527947, 0.9530310359753198, 0.9628459152661031, 0.9694717143240144, 0.969601885779777, 0.9711110348848249, 0.9714772051041975, 0.9721628511836518, 0.9717558309271896, 0.9717427204204168, 0.971929469216158, 0.9722205198212606, 0.9718597780958338]
accuracy: [0.4366464765022753, 0.6295070155644391, 0.6622901024428192, 0.7271914140270027, 0.7358145904270383, 0.7524096558764488, 0.7610623702309536, 0.769188013383234, 0.7747370552393632, 0.7779224993202891, 0.7832623134737282, 0.7901659455426383, 0.7986781057284524]
