score: 0.8343143396023045
Duration: 152.2731294631958
timestamps: [9.098636627197266, 15.358023405075073, 21.732681035995483, 28.56932282447815, 36.084458351135254, 44.928884506225586, 56.253071308135986, 73.48695230484009, 101.5987057685852, 151.20300459861755, 152.2731294631958]
nauc_scores: [0.05550591525206561, 0.17579697756787227, 0.4391485229522012, 0.6177610333417392, 0.7887855743180523, 0.9217843467684834, 0.941917240934206, 0.9537754891808405, 0.9584609261785804, 0.9531755918957405, 0.9531755918957405]
accuracy: [0.05003725900091491, 0.050312118334094026, 0.0533026782236835, 0.06467685907721822, 0.14971411095977563, 0.46202261713595494, 0.6125300173560358, 0.6843240017794086, 0.7253000000551857, 0.6828075291356424, 0.6828075291356424]
nauc_std: 0.0022400665129409998
nauc_var: 5.017897982399651e-06
alc_std: 0.0008971360921281267
alc_mean: 0.834062201576064
nauc_mean: 0.95287848333317
alc_var: 8.048531677989266e-07
