score: 0.2727802286519856
Duration: 54.26009726524353
timestamps: [17.122853755950928, 22.12320899963379, 28.37393569946289, 37.317972898483276, 51.15885901451111, 54.26009726524353]
nauc_scores: [0.042781559726393414, 0.11634344409811237, 0.21834839080154578, 0.2762757617402172, 0.3136343613650787, 0.3136343613650787]
alc_var: 0.0009257212246580807
alc_std: 0.03042566720152708
alc_mean: 0.29972100057841955
nauc_std: 0.04720148673324998
nauc_mean: 0.3147166785159933
nauc_var: 0.002227980349829174
