score: 0.6848683495569584
Duration: 35.599549531936646
timestamps: [35.599549531936646]
nauc_scores: [0.8085849277151336]
accuracy: [0.393787836739348]
