score: 0.0014765997980237871
Duration: 1071.387001991272
timestamps: [32.368675231933594, 59.28728246688843, 86.26602959632874, 113.78001618385315, 141.90562391281128, 172.05180668830872, 204.98697710037231, 244.00461173057556, 294.01782870292664, 366.0994818210602, 483.1489658355713, 688.4461896419525, 1071.387001991272]
nauc_scores: [0.00012066982788394576, -0.00015386784678972365, -0.0004832273354743455, -0.00015941839973765415, -0.00018943642437341257, 0.001058786649994481, 0.001322810493807225, 0.001489775833110052, 0.0018042011295000826, 0.0033457192089723087, 0.0032461828618834954, 0.003634906220343126, 0.003634951951408061]
accuracy: [0.4010473142080827, 0.4111591402437723, 0.40850977229514546, 0.3999879117450293, 0.396375248591123, 0.3705404122405153, 0.376220460566989, 0.3915352820447542, 0.38349994934354337, 0.41641148378792087, 0.3841810720349668, 0.4065644694531143, 0.4092918519776798]
alc_var: 4.27454858915017e-08
nauc_std: 0.0009128505743687252
alc_std: 0.00020674981473148095
alc_mean: 0.0014574983715213707
nauc_var: 8.332961711253114e-07
nauc_mean: 0.0035432096905443798
