score: 0.3708482371568929
Duration: 308.75189304351807
timestamps: [279.89620757102966, 289.50554895401, 292.59760427474976, 295.28018450737, 298.02520418167114, 300.6927342414856, 303.3632073402405, 306.0332179069519, 308.75189304351807]
nauc_scores: [0.7809769771629336, 0.7809769771629336, 0.8220443987810122, 0.8368893519367464, 0.8439838423029704, 0.8534126825036426, 0.8594665721371795, 0.8646894926294832, 0.8646894926294832]
accuracy: [0.7326346805705631, 0.7326346805705631, 0.7304094896693208, 0.8154536203269845, 0.7864043120603647, 0.7903528583278435, 0.7939065459226099, 0.8129587683923132, 0.8129587683923132]
alc_mean: 0.37118921924696463
nauc_std: 0.0015762631182535112
alc_std: 0.0005506671194716578
nauc_mean: 0.8656645674413511
alc_var: 3.032342764672131e-07
nauc_var: 2.4846054179662824e-06
