score: 0.7729697439180105
Duration: 44.71239948272705
timestamps: [3.8251161575317383, 4.576371192932129, 5.564779281616211, 7.636484622955322, 8.981470823287964, 11.510917901992798, 13.458301067352295, 18.245418787002563, 23.916468620300293, 30.04494309425354, 34.87877297401428, 44.71239948272705]
nauc_scores: [0.05799344275862306, 0.5763748191147906, 0.6489965502566895, 0.745165877450243, 0.7865713893625963, 0.7389582115783397, 0.8034060002635899, 0.7707248992789442, 0.7732330937505685, 0.7970897810784197, 0.7938366817898017, 0.796626637840409]
accuracy: [0.25984795432929125, 0.4563734863150238, 0.5711334462464911, 0.657699694581514, 0.6580893420496795, 0.6621345199283629, 0.708926390178971, 0.6978809349447122, 0.6969683860939894, 0.7068836215811732, 0.7157716179622718, 0.7151545761741461]
nauc_var: 0.0001369933085423321
alc_std: 0.007815734843058798
alc_mean: 0.7703481033371118
nauc_mean: 0.7962536166448805
nauc_std: 0.011704414062324184
alc_var: 6.108571113700332e-05
