score: 0.8207343502998126
Duration: 135.67674684524536
timestamps: [34.900474309921265, 41.429401874542236, 52.17149066925049, 65.18140816688538, 79.52409195899963, 97.38046526908875, 116.51716017723083, 135.67674684524536]
nauc_scores: [0.25327045784524715, 0.852019340989433, 0.9451611216434816, 0.9742953086647579, 0.9834144068990125, 0.9904527776471492, 0.9926017904691546, 0.9946020836571554]
accuracy: [0.5841308150393353, 0.7775809256533547, 0.8602538622229977, 0.896002216572617, 0.9267713073857562, 0.920997653810915, 0.9496701631130381, 0.9559332879553696]
alc_mean: 0.8207366478286217
alc_std: 0.00018684618943694148
nauc_std: 0.00024177301408030867
nauc_var: 5.845419033747713e-08
nauc_mean: 0.9945814402765482
alc_var: 3.4911498507105424e-08
