score: 0.264242846185484
Duration: 1011.725647687912
timestamps: [38.610148668289185, 39.31298565864563, 41.16126251220703, 41.969067096710205, 73.75876355171204, 75.66642642021179, 79.71474385261536, 85.55514931678772, 100.27255344390869, 110.31089544296265, 122.05949831008911, 135.73660135269165, 219.0488805770874, 236.91178107261658, 257.0617256164551, 279.61693501472473, 305.9821343421936, 332.4191782474518, 371.2602038383484, 409.4946970939636, 489.2212481498718, 668.0418612957001, 1008.8814992904663, 1011.725647687912]
nauc_scores: [0.16754415317781457, 0.16231754419357647, 0.285259493402209, 0.30236885042955386, 0.341958680330539, 0.3769748140384195, 0.36717723357269216, 0.3640343841767699, 0.3234661639052021, 0.3066919556375034, 0.38182355741676743, 0.381961658693007, 0.36570857967823267, 0.3476479971586417, 0.3112819453175495, 0.2732139381105527, 0.2824775935644577, 0.28285576618933095, 0.2887273329435833, 0.2993665209523786, 0.2931582394669512, 0.2945756575712146, 0.28832379915669715, 0.27812778709725405]
accuracy: [0.49485169416876645, 0.36089681092284487, 0.38990923617496676, 0.42736481571600654, 0.4178077961017765, 0.4351574250901282, 0.43399071407067513, 0.37655582229045287, 0.36217686816750366, 0.40082783300529834, 0.39628641843985396, 0.4003961228088206, 0.4267227518283498, 0.45494410898599136, 0.4727173767343765, 0.495029422963468, 0.5105787938359264, 0.5208486443957279, 0.5218314450119762, 0.5251249308436812, 0.5213969456870677, 0.5229151651241559, 0.5193519107720761, 0.5174434594154479]
alc_std: 0.024729744628347698
alc_var: 0.0006115602693832919
nauc_std: 0.031163236004360526
alc_mean: 0.2645072993998795
nauc_mean: 0.2726397347124652
nauc_var: 0.0009711472782634722
