score: 0.7006645278749579
Duration: 802.658433675766
timestamps: [16.37406587600708, 18.175110816955566, 22.242173671722412, 28.632336378097534, 36.938865184783936, 46.420111417770386, 68.84113931655884, 84.00582456588745, 99.23526787757874, 116.31749105453491, 137.18228125572205, 306.5045168399811, 474.80641436576843, 519.5789413452148, 547.8032493591309, 587.9976048469543, 639.7130851745605, 735.1879568099976, 802.658433675766]
nauc_scores: [0.264243791732921, 0.42437838594349087, 0.6150961507336392, 0.7670972564397327, 0.7984750193445416, 0.7755763059082343, 0.7758470520970562, 0.7783246630821548, 0.7426344869990844, 0.8144939961597764, 0.811620698773801, 0.7616260616059298, 0.8107922810137131, 0.7708915506365894, 0.7885291677600781, 0.7157644288871405, 0.8177153976836498, 0.7458579681279676, 0.7207979021663831]
nauc_std: 0.07586915876162108
nauc_mean: 0.7435668565064117
alc_var: 0.0005384479395565584
alc_std: 0.023204481023210977
alc_mean: 0.7078618785260229
nauc_var: 0.0057561292511960635
