score: 0.6076251213240231
Duration: 178.16879034042358
timestamps: [5.827033042907715, 7.354121923446655, 11.344172477722168, 16.599642992019653, 28.275160789489746, 38.301289558410645, 49.8145432472229, 171.71655750274658, 178.16879034042358]
nauc_scores: [0.3379236594907491, 0.43069729479578434, 0.6022545262976673, 0.7303890135979294, 0.5918961608255364, 0.5042291316345884, 0.6287767109380276, 0.6508216632381363, 0.6387285208661095]
alc_var: 0.0015696405492191582
nauc_std: 0.135944405991418
nauc_mean: 0.6159905407149374
nauc_var: 0.018480881520359482
alc_std: 0.03961868939300186
alc_mean: 0.6602453461952125
