score: 0.9228934885918256
Duration: 349.3872790336609
timestamps: [9.71062684059143, 21.288046836853027, 27.063411235809326, 32.83818244934082, 38.58871388435364, 44.32461667060852, 50.0849609375, 55.89807915687561, 63.53965997695923, 70.28065061569214, 76.71287703514099, 83.66780114173889, 90.62464833259583, 97.52687215805054, 103.82856178283691, 121.61692595481873, 125.25592732429504, 128.82989025115967, 132.3966202735901, 135.95998239517212, 139.59845423698425, 143.7336494922638, 151.92968583106995, 159.73501586914062, 167.5737442970276, 175.59654831886292, 183.7719852924347, 191.9207546710968, 199.73894596099854, 206.03309631347656, 209.6210060119629, 213.26025915145874, 217.01069259643555, 220.749840259552, 225.1592104434967, 230.30267000198364, 236.95246410369873, 243.813894033432, 250.59951496124268, 257.32185983657837, 262.79206919670105, 269.4909176826477, 276.76624584198, 281.9979774951935, 285.44590282440186, 288.86850929260254, 292.3846492767334, 296.13758611679077, 299.4200005531311, 304.1518371105194, 310.60985374450684, 317.48277044296265, 324.2962040901184, 329.8402543067932, 336.661048412323, 342.15055775642395, 349.3872790336609]
nauc_scores: [0.9540833069110284, 0.9540833069110284, 0.9540833069110284, 0.9540833069110284, 0.9540833069110284, 0.9540833069110284, 0.9540833069110284, 0.9608460071784299, 0.9608460071784299, 0.9608460071784299, 0.9608460071784299, 0.9608460071784299, 0.9608460071784299, 0.9608460071784299, 0.9662261855331991, 0.9662261855331991, 0.9662261855331991, 0.9662261855331991, 0.9662261855331991, 0.9662261855331991, 0.9662261855331991, 0.9726512260569269, 0.9726512260569269, 0.9726512260569269, 0.9726512260569269, 0.9726512260569269, 0.9726512260569269, 0.9726512260569269, 0.9777706181457997, 0.9777706181457997, 0.9777706181457997, 0.9777706181457997, 0.9777706181457997, 0.9777706181457997, 0.9777706181457997, 0.9784725506311602, 0.9784725506311602, 0.9784725506311602, 0.9784725506311602, 0.9784725506311602, 0.9784725506311602, 0.9784725506311602, 0.9786626733449542, 0.9786626733449542, 0.9786626733449542, 0.9786626733449542, 0.9786626733449542, 0.9786626733449542, 0.9786626733449542, 0.9784968046408049, 0.9784968046408049, 0.9784968046408049, 0.9784968046408049, 0.9784968046408049, 0.9784968046408049, 0.9784968046408049, 0.978659523008087]
accuracy: [0.552961425613162, 0.552961425613162, 0.552961425613162, 0.552961425613162, 0.552961425613162, 0.552961425613162, 0.552961425613162, 0.5593648604915538, 0.5593648604915538, 0.5593648604915538, 0.5593648604915538, 0.5593648604915538, 0.5593648604915538, 0.5593648604915538, 0.6010064927502377, 0.6010064927502377, 0.6010064927502377, 0.6010064927502377, 0.6010064927502377, 0.6010064927502377, 0.6010064927502377, 0.6222341879510828, 0.6222341879510828, 0.6222341879510828, 0.6222341879510828, 0.6222341879510828, 0.6222341879510828, 0.6222341879510828, 0.6685879133146357, 0.6685879133146357, 0.6685879133146357, 0.6685879133146357, 0.6685879133146357, 0.6685879133146357, 0.6685879133146357, 0.6712358768023137, 0.6712358768023137, 0.6712358768023137, 0.6712358768023137, 0.6712358768023137, 0.6712358768023137, 0.6712358768023137, 0.688223052048677, 0.688223052048677, 0.688223052048677, 0.688223052048677, 0.688223052048677, 0.688223052048677, 0.688223052048677, 0.6845168763982103, 0.6845168763982103, 0.6845168763982103, 0.6845168763982103, 0.6845168763982103, 0.6845168763982103, 0.6845168763982103, 0.6945466340022771]
alc_std: 0.001568385669901965
nauc_var: 9.64066051895897e-07
alc_mean: 0.9241728808985602
nauc_mean: 0.9784432346214847
alc_var: 2.4598336095538354e-06
nauc_std: 0.0009818686530773334
