score: 0.9923788629786731
Duration: 29.305533170700073
timestamps: [1.179354190826416, 2.480513334274292, 3.589787006378174, 5.808793783187866, 8.948445081710815, 12.458056211471558, 15.531580209732056, 17.39100456237793, 19.336644887924194, 21.270894527435303, 23.137500762939453, 25.125685930252075, 27.15079927444458, 29.305533170700073]
nauc_scores: [0.8941457211200692, 0.9636097870495841, 0.9925917373210933, 0.998320090947417, 0.9986994247508278, 0.999444803415712, 0.9995662279974156, 0.9996992929162043, 0.9989165689106971, 0.9997032421397958, 0.9998122077409537, 0.9997493342818058, 0.9998553490755566, 0.9998546734168055]
accuracy: [0.3329800266950619, 0.7787777585268982, 0.9167308756833173, 0.9583928076714044, 0.966396001406491, 0.9761120679447242, 0.9776070796271742, 0.9787895909618369, 0.9665044345014027, 0.9799441540611842, 0.9833605076678634, 0.9851572613059915, 0.9856633988880896, 0.985534468630826]
alc_var: 1.0257533752403385e-09
nauc_var: 6.496584485065085e-10
nauc_mean: 0.9998401453575327
alc_std: 3.202738477054189e-05
alc_mean: 0.9923882917612277
nauc_std: 2.5488398311908664e-05
