score: 0.7831259719886201
Duration: 588.2984476089478
timestamps: [6.2480809688568115, 6.572646856307983, 8.558248043060303, 13.174994468688965, 24.421388149261475, 34.86811923980713, 48.216410398483276, 440.1128237247467, 483.86968421936035, 506.2045843601227, 588.2984476089478]
nauc_scores: [0.5055092894494224, 0.5375115179307268, 0.4757824659042811, 0.5610858805226444, 0.6163086204025385, 0.7906586564025841, 0.8685694132803798, 0.7916265420900483, 0.8102007971011258, 0.8041030924927883, 0.8146776588615452]
nauc_var: 0.00310644732149423
nauc_mean: 0.8189144544624336
nauc_std: 0.05573551221164322
alc_std: 0.018998379048364933
alc_mean: 0.7960747169074892
alc_var: 0.0003609384064653517
