score: 0.8942783224359518
Duration: 163.08336520195007
timestamps: [13.309215784072876, 15.327654838562012, 17.507701635360718, 37.54368615150452, 38.40932083129883, 39.24447202682495, 41.27586913108826, 56.222538232803345, 57.305453300476074, 58.22116708755493, 60.64760446548462, 62.8173725605011, 66.24434471130371, 67.92056369781494, 69.67887759208679, 73.01596856117249, 76.35830020904541, 79.76240515708923, 87.13002014160156, 89.38756823539734, 91.63328742980957, 95.81473469734192, 100.06309914588928, 105.30051612854004, 107.98196196556091, 110.9485821723938, 116.59821128845215, 122.18176984786987, 127.6775894165039, 130.39894843101501, 131.37919425964355, 132.42195582389832, 134.57973647117615, 136.7963683605194, 140.60014724731445, 142.44380140304565, 144.3627998828888, 148.0136113166809, 151.5741024017334, 155.1833791732788, 158.9035873413086, 162.59944939613342, 163.08336520195007]
nauc_scores: [-0.0037162413460015697, 0.9043104568827478, 0.9165448864515611, 0.9165448864515611, 0.9560762683126973, 0.9560762683126973, 0.9490327223278681, 0.9490327223278681, 0.9657753103972477, 0.9657753103972477, 0.9657753103972477, 0.9657753103972477, 0.9657753103972477, 0.9657753103972477, 0.9637568287785405, 0.9637568287785405, 0.9637568287785405, 0.9637568287785405, 0.9704315969662973, 0.9679834601540929, 0.9679834601540929, 0.9679834601540929, 0.9679834601540929, 0.9733624778975742, 0.9733624778975742, 0.9654653635059856, 0.9654653635059856, 0.9654653635059856, 0.9654653635059856, 0.9744867133542869, 0.9744867133542869, 0.9744867133542869, 0.9744867133542869, 0.9744867133542869, 0.9752554211146012, 0.9752554211146012, 0.9752554211146012, 0.9752554211146012, 0.9752554211146012, 0.9752554211146012, 0.9752554211146012, 0.9752554211146012, 0.9754019194181036]
accuracy: [0.24906543221296637, 0.48644799599944744, 0.5211246939807203, 0.5211246939807203, 0.8567754811187075, 0.8567754811187075, 0.848577158925681, 0.848577158925681, 0.8732102381797069, 0.8732102381797069, 0.8732102381797069, 0.8732102381797069, 0.8732102381797069, 0.8732102381797069, 0.8740602966081825, 0.8740602966081825, 0.8740602966081825, 0.8740602966081825, 0.8736352675802058, 0.8728723277879097, 0.8728723277879097, 0.8728723277879097, 0.8728723277879097, 0.8733809550478717, 0.8733809550478717, 0.8866177195954363, 0.8866177195954363, 0.8866177195954363, 0.8866177195954363, 0.8766901451104342, 0.8766901451104342, 0.8766901451104342, 0.8766901451104342, 0.8766901451104342, 0.8775051580918252, 0.8775051580918252, 0.8775051580918252, 0.8775051580918252, 0.8775051580918252, 0.8775051580918252, 0.8775051580918252, 0.8775051580918252, 0.8773266867999651]
nauc_std: 0.0006768315717870585
alc_var: 4.494499559367266e-07
alc_mean: 0.8943880275277373
nauc_mean: 0.9750694433346798
alc_std: 0.0006704102892533247
nauc_var: 4.581009765677401e-07
