score: 0.19375294691395728
Duration: 998.6096661090851
timestamps: [79.7982428073883, 154.75460243225098, 230.77281713485718, 307.3626935482025, 384.45751118659973, 463.46406841278076, 544.9196202754974, 631.8323016166687, 728.2203888893127, 843.2398056983948, 998.6096661090851]
nauc_scores: [0.026832826330367876, 0.05270932485292401, 0.11307378665007484, 0.18097280009327044, 0.24652598183834873, 0.31882816581652706, 0.41975747604933744, 0.4884158718833378, 0.5812550315406118, 0.6275521309513257, 0.6671897004867278]
accuracy: [0.6172694234546969, 0.6144230108520766, 0.5885374362794328, 0.5759141409126537, 0.6014168524907852, 0.6212068048317947, 0.631277380635146, 0.6706255026201327, 0.6732938672059894, 0.7118197470461958, 0.7317567776802785]
nauc_var: 2.076790693095623e-06
nauc_mean: 0.6670078634249459
alc_mean: 0.19389773831169418
alc_std: 0.0012616544812181153
nauc_std: 0.0014411074536951167
alc_var: 1.5917720299777515e-06
