score: 0.9852730956736176
Duration: 72.24655771255493
timestamps: [2.497412919998169, 4.685904026031494, 9.19323182106018, 14.380482912063599, 22.389753818511963, 24.214512586593628, 25.180646419525146, 26.197997331619263, 37.36027479171753, 43.97911715507507, 50.65518260002136, 59.10534477233887, 64.03343749046326, 67.20587491989136, 70.37952280044556, 72.24655771255493]
nauc_scores: [0.9494814721276956, 0.9874946684960946, 0.995441907422584, 0.9989758725922875, 0.9995710074421615, 0.9996348054623432, 0.9996671967346036, 0.9997628850700297, 0.999527765568935, 0.9994478151742405, 0.9995169831117323, 0.9996182464955574, 0.9997132506701996, 0.9996984307579386, 0.9996195883039403, 0.9996195883039403]
accuracy: [0.6923728992578596, 0.8622310691426821, 0.8727234892156305, 0.894640617713313, 0.9268965747569824, 0.9351569391051711, 0.9379047259387174, 0.9562432946970802, 0.9257347892209127, 0.9131165389691656, 0.9278368459801979, 0.9424917943494167, 0.9513562715846067, 0.9536951820328015, 0.951230145617909, 0.951230145617909]
nauc_mean: 0.9995935779625882
alc_std: 4.62509083232468e-05
alc_mean: 0.9852735967780208
nauc_var: 3.028717523668197e-09
alc_var: 2.1391465207253797e-09
nauc_std: 5.5033785292928896e-05
