score: 0.43224064875899143
Duration: 281.8734531402588
timestamps: [10.918248176574707, 17.155028343200684, 23.56077218055725, 30.378026723861694, 37.92207217216492, 47.08283996582031, 58.95162796974182, 77.24388408660889, 107.35362434387207, 160.02868342399597, 280.9563989639282, 281.8734531402588]
nauc_scores: [0.01393114043936361, 0.03527516855346269, 0.1581096508232016, 0.3713600500604419, 0.49378215858711316, 0.5695312876639387, 0.611664691672636, 0.5681462771207788, 0.4710228866403021, 0.5031827241901412, 0.4715036944568378, 0.4715036944568378]
accuracy: [0.2513490032276721, 0.2548480954289155, 0.25825439482667273, 0.29541209397332235, 0.3566237609152736, 0.41600245428645477, 0.43044392326643466, 0.39097672890623447, 0.37053026689668317, 0.4237142108686382, 0.3931862036386418, 0.3931862036386418]
nauc_mean: 0.46755582810493734
nauc_var: 0.00019793729188987116
alc_std: 0.010765749883128747
nauc_std: 0.014069018867350742
alc_var: 0.00011590137054608664
alc_mean: 0.43247298420357927
