score: 0.4450298079350937
Duration: 839.2015571594238
timestamps: [46.638503551483154, 62.60631465911865, 80.7782027721405, 112.73510551452637, 123.79467940330505, 350.1975107192993, 594.1504695415497, 839.2015571594238]
nauc_scores: [0.2708817135782067, 0.46102053974124324, 0.5338697976482092, 0.5588483658085039, 0.5462030280237833, 0.5827123862863799, 0.6037919452385292, 0.6133808778394052]
nauc_std: 0.030071375607607108
nauc_mean: 0.6124760913678744
nauc_var: 0.0009042876309337877
alc_mean: 0.4365720631484019
alc_var: 0.0006194061909449615
alc_std: 0.024887872366776583
