score: 0.7030758110067252
Duration: 974.2161138057709
timestamps: [29.44652819633484, 32.90216827392578, 36.31776833534241, 71.00487279891968, 72.96892070770264, 74.6478271484375, 77.37762498855591, 80.09157681465149, 87.00032877922058, 92.18198204040527, 96.57712364196777, 105.57252168655396, 114.51638150215149, 215.0423104763031, 234.12383770942688, 253.28001999855042, 271.13525342941284, 288.9198429584503, 307.1237270832062, 364.5113162994385, 419.147807598114, 474.4154019355774, 519.7842438220978, 565.3567495346069, 609.5089547634125, 668.1472640037537, 673.5325422286987, 678.2354638576508, 684.3756911754608, 691.2803075313568, 697.3415703773499, 703.4628775119781, 709.693338394165, 729.0824065208435, 747.1202385425568, 765.6556785106659, 798.033341884613, 830.4878590106964, 863.0044124126434, 891.8654222488403, 924.068060874939, 974.2161138057709]
nauc_scores: [-0.03774973565961881, 0.6129264815584505, 0.7119043541362333, 0.7119043541362333, 0.8192270565410875, 0.8192270565410875, 0.8192270565410875, 0.8192270565410875, 0.8192270565410875, 0.8293017758528953, 0.8293017758528953, 0.8293017758528953, 0.8293017758528953, 0.8502777435553073, 0.8502777435553073, 0.8502777435553073, 0.8502777435553073, 0.8502777435553073, 0.8502777435553073, 0.8429743674446373, 0.8429743674446373, 0.8429743674446373, 0.8429743674446373, 0.8429743674446373, 0.8429743674446373, 0.8411107846813903, 0.8411107846813903, 0.8411107846813903, 0.8411107846813903, 0.8411107846813903, 0.8411107846813903, 0.8411107846813903, 0.8411107846813903, 0.848099389275565, 0.848099389275565, 0.848099389275565, 0.848099389275565, 0.848099389275565, 0.848099389275565, 0.848099389275565, 0.848099389275565, 0.8506664694549784]
accuracy: [0.4996322414831732, 0.9319316538234877, 0.9098235224855181, 0.9098235224855181, 0.6583310879018774, 0.6583310879018774, 0.6583310879018774, 0.6583310879018774, 0.6583310879018774, 0.7680742388582528, 0.7680742388582528, 0.7680742388582528, 0.7680742388582528, 0.7132026661880575, 0.7132026661880575, 0.7132026661880575, 0.7132026661880575, 0.7132026661880575, 0.7132026661880575, 0.5646029568969656, 0.5646029568969656, 0.5646029568969656, 0.5646029568969656, 0.5646029568969656, 0.5646029568969656, 0.6199498557620782, 0.6199498557620782, 0.6199498557620782, 0.6199498557620782, 0.6199498557620782, 0.6199498557620782, 0.6199498557620782, 0.6199498557620782, 0.6720838148608557, 0.6720838148608557, 0.6720838148608557, 0.6720838148608557, 0.6720838148608557, 0.6720838148608557, 0.6720838148608557, 0.6720838148608557, 0.693333158289828]
nauc_var: 0.0014298159221024782
alc_var: 0.0014455416897512087
nauc_mean: 0.8733707415078527
alc_std: 0.0380202799799161
alc_mean: 0.7234945762450058
nauc_std: 0.03781290681900134
