score: 0.7068781707541301
Duration: 1013.764002084732
timestamps: [13.64717411994934, 17.63993191719055, 22.692882537841797, 31.1862576007843, 39.970536947250366, 53.3086793422699, 68.68791437149048, 87.6458511352539, 106.625244140625, 125.81079721450806, 150.06447911262512, 173.7186906337738, 199.79470109939575, 227.35065913200378, 254.79841899871826, 286.34558033943176, 321.23622274398804, 660.005676984787, 1013.764002084732]
nauc_scores: [0.36446304542451147, 0.5872642987793091, 0.6216608015373126, 0.6331008660668007, 0.6150809868060503, 0.7197361657738599, 0.7435168766609579, 0.7537633141152225, 0.781589690224473, 0.7818007645898615, 0.800010716406943, 0.8100719324740868, 0.797298314821135, 0.8016638295588612, 0.793823655287232, 0.8114788331048772, 0.7964147593998485, 0.7950947635098535, 0.8211686130608349]
accuracy: [0.04334112221602875, 0.053204310933606114, 0.05935788473588332, 0.08385789513926772, 0.07269816732074331, 0.10606478863444509, 0.13387428600303156, 0.13429092277504276, 0.19063576169067067, 0.16508220265089812, 0.1886632010009192, 0.21735567654931007, 0.21100341109051282, 0.22858976627937272, 0.22428516982154006, 0.24694352280266876, 0.24692497343581574, 0.29524584272478327, 0.35922039338154843]
nauc_var: 1.561051186776954e-05
alc_std: 0.0026974871290060217
nauc_mean: 0.8226488523975612
nauc_std: 0.003951014030317982
alc_mean: 0.7058756845259868
alc_var: 7.2764368111531505e-06
