score: 0.789810856864327
Duration: 128.13745427131653
timestamps: [39.87320566177368, 53.3118097782135, 59.507392168045044, 65.66017723083496, 71.89043688774109, 78.04526805877686, 84.32243418693542, 90.51260280609131, 96.70875024795532, 103.02147436141968, 109.27141880989075, 115.60722136497498, 121.83404994010925, 128.13745427131653]
nauc_scores: [0.07620000000000005, 0.9714501222222225, 0.9865209111111111, 0.9908656444444444, 0.9922963111111112, 0.9932623, 0.9940476777777778, 0.9940688888888889, 0.9948630999999999, 0.9950321666666668, 0.9955391888888887, 0.9955083222222221, 0.9952177333333332, 0.9952177333333332]
accuracy: [0.10584243440439134, 0.7349357775561123, 0.8413023886653965, 0.880865915404539, 0.8990297673974237, 0.9015416684766473, 0.9112078957747018, 0.9105039643213069, 0.9223266730081263, 0.9253773805965475, 0.9313458640668938, 0.9314347186581446, 0.9217350590155929, 0.9217350590155929]
alc_std: 0.00046675063072868807
nauc_std: 0.0003526352795411164
alc_var: 2.1785615128562812e-07
nauc_mean: 0.995236172536122
nauc_var: 1.243516403770413e-07
alc_mean: 0.7898154929628844
