score: 0.9749108011686513
Duration: 1170.9031178951263
timestamps: [0.9592514038085938, 3.8888087272644043, 8.663980484008789, 13.325164556503296, 18.440736770629883, 23.125609159469604, 32.30800771713257, 41.70826172828674, 51.04992651939392, 60.448280811309814, 70.03556561470032, 136.20910906791687, 171.1279797554016, 207.38283276557922, 242.64128851890564, 278.11533641815186, 313.9647014141083, 350.2145826816559, 386.9197437763214, 423.5087397098541, 460.0154838562012, 498.9624376296997, 536.8427093029022, 574.2072520256042, 612.8401885032654, 655.1858472824097, 693.5709221363068, 732.3757147789001, 770.9098670482635, 809.5429480075836, 848.608152627945, 887.3185725212097, 927.2155230045319, 967.1881244182587, 1007.6013674736023, 1047.6204867362976, 1088.3785524368286, 1129.5694415569305, 1170.9031178951263]
nauc_scores: [0.6957188028136378, 0.9167049854702949, 0.9259551583962087, 0.9370162252776848, 0.9423049736553086, 0.9460966782648537, 0.9681690887851602, 0.9733252301351798, 0.9766974959219135, 0.9795217777377645, 0.982053123389069, 0.9867200609234481, 0.9909648399006179, 0.9937834008090465, 0.9956295341757788, 0.9968999389865878, 0.9977549719331051, 0.9983417617560459, 0.9987424082837464, 0.9990300476999501, 0.9992377641344887, 0.9993889692553146, 0.9994997176382636, 0.9995804950906639, 0.9996434865092425, 0.9996919190288509, 0.9997307426178275, 0.9997598186276342, 0.9997829266580791, 0.9998025903287839, 0.9998198105489933, 0.9998320373215719, 0.9998435040824556, 0.9998541711025908, 0.9998637167718449, 0.999870858145459, 0.9998772535304503, 0.9998833321663798, 0.999889616776592]
accuracy: [0.20232325035940663, 0.5140057896795002, 0.24753533599467217, 0.29273087410469706, 0.3344636018235183, 0.3733945306459366, 0.25639234542356387, 0.3106962029058417, 0.36148304714810275, 0.4085987187939837, 0.4524454223890763, 0.4717082978685147, 0.572982921815771, 0.653566106277405, 0.7170680466521688, 0.7672543080484284, 0.8067691843603467, 0.838225421662586, 0.8633335462319266, 0.8836927594195789, 0.9001831329071415, 0.9136953720565751, 0.9248839981760882, 0.9342650872186159, 0.9420619767367696, 0.9486882609703157, 0.9543063398175098, 0.959046425768893, 0.9631113467437603, 0.9666247182170544, 0.969677677444608, 0.972316529157283, 0.9746350186332654, 0.9766713157510267, 0.9784721036186009, 0.980058889688322, 0.9814587474915933, 0.9827019577000666, 0.9837969195824262]
nauc_mean: 0.9998915400897636
nauc_std: 2.0985025879295943e-05
nauc_var: 4.4037131115472045e-10
alc_mean: 0.9750342894645341
alc_var: 4.631042098135515e-07
alc_std: 0.0006805176043377214
