score: 0.8213430158231051
Duration: 241.2544903755188
timestamps: [13.412851095199585, 18.100242376327515, 29.591678142547607, 41.093459129333496, 55.013731718063354, 70.93995451927185, 90.63314843177795, 109.76173639297485, 131.80584502220154, 156.49056220054626, 183.5621440410614, 211.2232964038849, 241.2544903755188]
nauc_scores: [0.09526979547251635, 0.2090774416873662, 0.4939950520294769, 0.723842716527874, 0.8244528834805946, 0.8830868199366912, 0.9322485856989557, 0.9570675571619502, 0.970054009792074, 0.966986458142403, 0.982082782456212, 0.9871302846136039, 0.9877146858989518]
accuracy: [0.004224859922638861, 0.00481758861250668, 0.006720937424610108, 0.011342360103077693, 0.019569369175037807, 0.03525810295728996, 0.053563572173754855, 0.08309415248664083, 0.12237503240729511, 0.16034721859643186, 0.21717261978623165, 0.2694178544535219, 0.3113953535827145]
nauc_var: 9.518293197535439e-08
alc_var: 5.75050985672747e-07
alc_std: 0.000758321162616966
alc_mean: 0.8214398443131005
nauc_mean: 0.9876412597445123
nauc_std: 0.0003085173122781838
