score: 0.8166978023414216
Duration: 215.55259013175964
timestamps: [12.316354513168335, 16.320051431655884, 23.411994218826294, 30.039043426513672, 39.1121346950531, 48.73442101478577, 64.14262366294861, 81.56919407844543, 99.331125497818, 118.45462584495544, 211.35089373588562, 215.55259013175964]
nauc_scores: [0.06936712317953275, 0.5759200923612733, 0.6193865900898992, 0.7917411441978326, 0.8378094296145764, 0.8726415357616932, 0.8995957876104048, 0.9093108975751982, 0.9125028348659245, 0.9133767331879998, 0.9133851984534089, 0.9137716584077165]
accuracy: [0.013207198285633003, 0.06106935765947331, 0.08664890900084257, 0.10782973621808123, 0.14312233334773397, 0.1617377222192584, 0.1997986592809721, 0.21608705848786566, 0.21964877246437395, 0.22530159177480202, 0.22504302385273275, 0.22534736276550757]
alc_mean: 0.816759893453443
nauc_std: 0.0024612398319749673
alc_var: 3.117250237096062e-06
nauc_var: 6.057701510500165e-06
alc_std: 0.0017655736283418095
nauc_mean: 0.9130228950266197
