score: 0.01670912620531896
Duration: 69.29563212394714
timestamps: [18.05954146385193, 22.017595767974854, 25.944801092147827, 29.76673913002014, 33.85067105293274, 38.12992024421692, 42.344876766204834, 46.8273389339447, 51.76315689086914, 58.03985142707825, 66.45770955085754, 69.29563212394714]
nauc_scores: [0.08230342794824153, 0.09724429489156039, 0.1748359360522922, 0.17073835583663177, 0.19442265984667317, 0.018881395852622607, 0.0029713393737318405, 0.009889638503182585, 0.006393543879806618, 0.006249182262094921, 0.007060674589574045, 0.007060674589574045]
accuracy: [0.12831395511521165, 0.14105520391248172, 0.15526875520549643, 0.16404273301200217, 0.14928185255964524, 0.10435177211303627, 0.10852041677444146, 0.11699185272578892, 0.12468109818468445, 0.1056932949623846, 0.1019560336233941, 0.1019560336233941]
nauc_var: 3.185976305515952e-06
nauc_std: 0.0017849303363201468
alc_mean: 0.018066182856405034
nauc_mean: 0.007591386210451456
alc_var: 5.196397120951825e-07
alc_std: 0.0007208603970916855
