score: 0.7592655996173975
Duration: 698.8680119514465
timestamps: [0.6353659629821777, 0.8731467723846436, 1.1740710735321045, 1.5411674976348877, 2.024874687194824, 3.275818109512329, 4.616175413131714, 6.487218618392944, 9.90120816230774, 12.782657861709595, 27.889336824417114, 31.802268981933594, 101.29604816436768, 135.96922492980957, 167.9270360469818, 170.76708340644836, 193.16820669174194, 204.90431237220764, 216.4114911556244, 227.7635805606842, 240.31581497192383, 251.62378811836243, 263.07704067230225, 274.6418960094452, 286.2505168914795, 297.65030121803284, 310.0646302700043, 322.4938094615936, 334.2898485660553, 346.3250448703766, 357.851327419281, 369.4086170196533, 381.0294301509857, 392.72302079200745, 404.4390926361084, 417.03159856796265, 429.096328496933, 440.9211094379425, 452.76700353622437, 464.656690120697, 476.5149941444397, 489.89626359939575, 503.28217911720276, 515.689906835556, 527.2392899990082, 539.9499795436859, 554.7620961666107, 568.6067979335785, 581.2709014415741, 593.6912207603455, 606.5922646522522, 619.2845771312714, 631.3957090377808, 643.8299865722656, 657.4340460300446, 671.0345869064331, 684.584888458252, 698.8349385261536, 698.8680119514465]
nauc_scores: [0.6020654425875911, 0.625050062314519, 0.6655828214680402, 0.6818823611094997, 0.6984773732442531, 0.7154661419847823, 0.7304888213648635, 0.7414655473874119, 0.7615598850088305, 0.7649395880922754, 0.765345000497679, 0.765345000497679, 0.7637853323094939, 0.7638611842754204, 0.7638611842754204, 0.7638611842754204, 0.7638611842754204, 0.7638611842754204, 0.7638611842754204, 0.7638611842754204, 0.7638611842754204, 0.7638611842754204, 0.7638611842754204, 0.7638611842754204, 0.7638611842754204, 0.7638611842754204, 0.7638611842754204, 0.7638611842754204, 0.7638611842754204, 0.7638611842754204, 0.7638611842754204, 0.7638611842754204, 0.7638611842754204, 0.7638611842754204, 0.7638611842754204, 0.7638611842754204, 0.7638611842754204, 0.7638611842754204, 0.7638611842754204, 0.7638611842754204, 0.7638611842754204, 0.7638611842754204, 0.7638611842754204, 0.7638611842754204, 0.7638611842754204, 0.7638611842754204, 0.7638611842754204, 0.7638611842754204, 0.7638611842754204, 0.7638611842754204, 0.7638611842754204, 0.7638611842754204, 0.7638611842754204, 0.7638611842754204, 0.7638611842754204, 0.7638611842754204, 0.7638611842754204, 0.7638611842754204, 0.7638611842754204]
nauc_mean: 0.7635884447545165
alc_var: 1.4962335134104252e-05
nauc_std: 0.004199718205257807
nauc_var: 1.7637633003573858e-05
alc_std: 0.003868117776658856
alc_mean: 0.7566318570577302
